# End points of segments: 
#   0.00000000 0.18416430 0.32958360 0.52531070 0.68544030 
0.000000 -0.000000
0.001842 0.055685
0.003683 0.111367
0.005525 0.167042
0.007367 0.222707
0.009208 0.278359
0.011050 0.333993
0.012892 0.389608
0.014733 0.445198
0.016575 0.500761
0.018416 0.556294
0.020258 0.611792
0.022100 0.667251
0.023941 0.722669
0.025783 0.778041
0.027625 0.833364
0.029466 0.888633
0.031308 0.943844
0.033150 0.998993
0.034991 1.054076
0.036833 1.109089
0.038675 1.164026
0.040516 1.218883
0.042358 1.273655
0.044199 1.328337
0.046041 1.382924
0.047883 1.437409
0.049724 1.491788
0.051566 1.546054
0.053408 1.600201
0.055249 1.654222
0.057091 1.708111
0.058933 1.761861
0.060774 1.815463
0.062616 1.868910
0.064458 1.922195
0.066299 1.975307
0.068141 2.028238
0.069982 2.080979
0.071824 2.133520
0.073666 2.185850
0.075507 2.237959
0.077349 2.289835
0.079191 2.341465
0.081032 2.392838
0.082874 2.443941
0.084716 2.494759
0.086557 2.545279
0.088399 2.595485
0.090241 2.645362
0.092082 2.694893
0.093924 2.744062
0.095765 2.792851
0.097607 2.841241
0.099449 2.889214
0.101290 2.936749
0.103132 2.983827
0.104974 3.030425
0.106815 3.076522
0.108657 3.122095
0.110499 3.167121
0.112340 3.211575
0.114182 3.255432
0.116024 3.298668
0.117865 3.341255
0.119707 3.383166
0.121548 3.424375
0.123390 3.464853
0.125232 3.504572
0.127073 3.543501
0.128915 3.581612
0.130757 3.618875
0.132598 3.655259
0.134440 3.690734
0.136282 3.725268
0.138123 3.758831
0.139965 3.791392
0.141807 3.822919
0.143648 3.853382
0.145490 3.882750
0.147331 3.910992
0.149173 3.938080
0.151015 3.963982
0.152856 3.988670
0.154698 4.012116
0.156540 4.034294
0.158381 4.055175
0.160223 4.074736
0.162065 4.092952
0.163906 4.109800
0.165748 4.125258
0.167590 4.139308
0.169431 4.151930
0.171273 4.163107
0.173114 4.172825
0.174956 4.181071
0.176798 4.187833
0.178639 4.193102
0.180481 4.196871
0.182323 4.199134
0.184164 4.199889

0.184164 4.199889
0.185618 4.200667
0.187073 4.202998
0.188527 4.206859
0.189981 4.212210
0.191435 4.218981
0.192889 4.227063
0.194344 4.236335
0.195798 4.246705
0.197252 4.258127
0.198706 4.270574
0.200160 4.284021
0.201615 4.298426
0.203069 4.313741
0.204523 4.329909
0.205977 4.346868
0.207431 4.364550
0.208886 4.382887
0.210340 4.401807
0.211794 4.421236
0.213248 4.441099
0.214702 4.461319
0.216157 4.481818
0.217611 4.502518
0.219065 4.523340
0.220519 4.544204
0.221973 4.565031
0.223428 4.585740
0.224882 4.606252
0.226336 4.626488
0.227790 4.646366
0.229244 4.665810
0.230699 4.684741
0.232153 4.703081
0.233607 4.720754
0.235061 4.737685
0.236515 4.753801
0.237969 4.769030
0.239424 4.783301
0.240878 4.796548
0.242332 4.808704
0.243786 4.819707
0.245240 4.829498
0.246695 4.838020
0.248149 4.845220
0.249603 4.851049
0.251057 4.855463
0.252511 4.858422
0.253966 4.859890
0.255420 4.859838
0.256874 4.858241
0.258328 4.855079
0.259782 4.850341
0.261236 4.844018
0.262691 4.836111
0.264145 4.826625
0.265599 4.815573
0.267053 4.802974
0.268508 4.788853
0.269962 4.773244
0.271416 4.756186
0.272870 4.737725
0.274324 4.717912
0.275778 4.696806
0.277233 4.674473
0.278687 4.650982
0.280141 4.626410
0.281595 4.600840
0.283049 4.574358
0.284504 4.547056
0.285958 4.519032
0.287412 4.490385
0.288866 4.461223
0.290320 4.431654
0.291775 4.401790
0.293229 4.371749
0.294683 4.341647
0.296137 4.311608
0.297591 4.281754
0.299046 4.252212
0.300500 4.223107
0.301954 4.194569
0.303408 4.166726
0.304862 4.139708
0.306316 4.113642
0.307771 4.088658
0.309225 4.064883
0.310679 4.042441
0.312133 4.021456
0.313588 4.002047
0.315042 3.984330
0.316496 3.968417
0.317950 3.954415
0.319404 3.942426
0.320858 3.932543
0.322313 3.924854
0.323767 3.919441
0.325221 3.916376
0.326675 3.915721
0.328129 3.917532
0.329584 3.921854

0.329584 3.921854
0.331541 3.904829
0.333498 3.887292
0.335455 3.869243
0.337413 3.850680
0.339370 3.831604
0.341327 3.812014
0.343284 3.791911
0.345242 3.771293
0.347199 3.750161
0.349156 3.728514
0.351114 3.706353
0.353071 3.683678
0.355028 3.660488
0.356985 3.636784
0.358943 3.612566
0.360900 3.587835
0.362857 3.562590
0.364814 3.536833
0.366772 3.510564
0.368729 3.483783
0.370686 3.456493
0.372644 3.428693
0.374601 3.400384
0.376558 3.371568
0.378515 3.342246
0.380473 3.312419
0.382430 3.282089
0.384387 3.251258
0.386344 3.219926
0.388302 3.188097
0.390259 3.155772
0.392216 3.122954
0.394174 3.089644
0.396131 3.055845
0.398088 3.021560
0.400045 2.986791
0.402003 2.951541
0.403960 2.915814
0.405917 2.879613
0.407874 2.842940
0.409832 2.805799
0.411789 2.768195
0.413746 2.730131
0.415704 2.691610
0.417661 2.652638
0.419618 2.613218
0.421575 2.573355
0.423533 2.533053
0.425490 2.492317
0.427447 2.451153
0.429404 2.409565
0.431362 2.367558
0.433319 2.325139
0.435276 2.282312
0.437233 2.239084
0.439191 2.195460
0.441148 2.151446
0.443105 2.107049
0.445063 2.062276
0.447020 2.017132
0.448977 1.971625
0.450934 1.925761
0.452892 1.879547
0.454849 1.832991
0.456806 1.786100
0.458763 1.738881
0.460721 1.691343
0.462678 1.643492
0.464635 1.595336
0.466593 1.546885
0.468550 1.498145
0.470507 1.449125
0.472464 1.399834
0.474422 1.350280
0.476379 1.300472
0.478336 1.250419
0.480293 1.200129
0.482251 1.149611
0.484208 1.098875
0.486165 1.047930
0.488123 0.996785
0.490080 0.945450
0.492037 0.893933
0.493994 0.842245
0.495952 0.790395
0.497909 0.737138
0.499866 0.678303
0.501823 0.620749
0.503781 0.564412
0.505738 0.509218
0.507695 0.455090
0.509653 0.401943
0.511610 0.349684
0.513567 0.298216
0.515524 0.247438
0.517482 0.197241
0.519439 0.147514
0.521396 0.098144
0.523354 0.049012
0.525311 -0.000000

0.525311 -0.000000
0.526912 0.043224
0.528513 0.086447
0.530115 0.129667
0.531716 0.172884
0.533317 0.216095
0.534918 0.259299
0.536520 0.302494
0.538121 0.345679
0.539722 0.388853
0.541324 0.432012
0.542925 0.475155
0.544526 0.518280
0.546128 0.561383
0.547729 0.604463
0.549330 0.647517
0.550932 0.690540
0.552533 0.733531
0.554134 0.776484
0.555735 0.819396
0.557337 0.862264
0.558938 0.905081
0.560539 0.947843
0.562141 0.990546
0.563742 1.033182
0.565343 1.075748
0.566944 1.118235
0.568546 1.160638
0.570147 1.202949
0.571748 1.245161
0.573350 1.287266
0.574951 1.329257
0.576552 1.371124
0.578153 1.412858
0.579755 1.454451
0.581356 1.495892
0.582957 1.537171
0.584559 1.578278
0.586160 1.619201
0.587761 1.659931
0.589363 1.700454
0.590964 1.740758
0.592565 1.780832
0.594167 1.820662
0.595768 1.860235
0.597369 1.899538
0.598970 1.938556
0.600572 1.977276
0.602173 2.015683
0.603774 2.053761
0.605375 2.091496
0.606977 2.128873
0.608578 2.165874
0.610179 2.202486
0.611781 2.238690
0.613382 2.274471
0.614983 2.309811
0.616585 2.344695
0.618186 2.379104
0.619787 2.413022
0.621389 2.446431
0.622990 2.479314
0.624591 2.511653
0.626192 2.543431
0.627794 2.574629
0.629395 2.605231
0.630996 2.635218
0.632598 2.664573
0.634199 2.693278
0.635800 2.721315
0.637401 2.748668
0.639003 2.775319
0.640604 2.801251
0.642205 2.826447
0.643807 2.850891
0.645408 2.874565
0.647009 2.897455
0.648610 2.919545
0.650212 2.940818
0.651813 2.961261
0.653414 2.980858
0.655016 2.999595
0.656617 3.017459
0.658218 3.034437
0.659820 3.050516
0.661421 3.065683
0.663022 3.079928
0.664623 3.093240
0.666225 3.105608
0.667826 3.117023
0.669427 3.127476
0.671029 3.136958
0.672630 3.145463
0.674231 3.152983
0.675832 3.159513
0.677434 3.165047
0.679035 3.169581
0.680636 3.173111
0.682238 3.175635
0.683839 3.177150
0.685440 3.177655


0.000000 0.000000
0.001842 0.063101
0.003683 0.126189
0.005525 0.189251
0.007367 0.252274
0.009208 0.315246
0.011050 0.378154
0.012892 0.440985
0.014733 0.503726
0.016575 0.566365
0.018416 0.628887
0.020258 0.691282
0.022100 0.753536
0.023941 0.815636
0.025783 0.877569
0.027625 0.939324
0.029466 1.000886
0.031308 1.062245
0.033150 1.123386
0.034991 1.184298
0.036833 1.244968
0.038675 1.305383
0.040516 1.365532
0.042358 1.425400
0.044199 1.484977
0.046041 1.544250
0.047883 1.603206
0.049724 1.661834
0.051566 1.720120
0.053408 1.778053
0.055249 1.835620
0.057091 1.892810
0.058933 1.949610
0.060774 2.006008
0.062616 2.061992
0.064458 2.117550
0.066299 2.172669
0.068141 2.227339
0.069982 2.281546
0.071824 2.335278
0.073666 2.388525
0.075507 2.441272
0.077349 2.493510
0.079191 2.545225
0.081032 2.596405
0.082874 2.647038
0.084716 2.697112
0.086557 2.746614
0.088399 2.795533
0.090241 2.843856
0.092082 2.891570
0.093924 2.938664
0.095765 2.985123
0.097607 3.030936
0.099449 3.076090
0.101290 3.120572
0.103132 3.164369
0.104974 3.207467
0.106815 3.249854
0.108657 3.291516
0.110499 3.332439
0.112340 3.372611
0.114182 3.412016
0.116024 3.450642
0.117865 3.488475
0.119707 3.525499
0.121548 3.561702
0.123390 3.597069
0.125232 3.631585
0.127073 3.665236
0.128915 3.698008
0.130757 3.729886
0.132598 3.760856
0.134440 3.790903
0.136282 3.820012
0.138123 3.848170
0.139965 3.875362
0.141807 3.901574
0.143648 3.926792
0.145490 3.951002
0.147331 3.974190
0.149173 3.996344
0.151015 4.017449
0.152856 4.037494
0.154698 4.056466
0.156540 4.074353
0.158381 4.091144
0.160223 4.106828
0.162065 4.121394
0.163906 4.134833
0.165748 4.147136
0.167590 4.158293
0.169431 4.168298
0.171273 4.177143
0.173114 4.184821
0.174956 4.191328
0.176798 4.196658
0.178639 4.200808
0.180481 4.203775
0.182323 4.205555
0.184164 4.206149

0.184164 4.206149
0.185618 4.206875
0.187073 4.209057
0.188527 4.212700
0.189981 4.217826
0.191435 4.224475
0.192889 4.232718
0.194344 4.242630
0.195798 4.254251
0.197252 4.267566
0.198706 4.282532
0.200160 4.299102
0.201615 4.317234
0.203069 4.336890
0.204523 4.358033
0.205977 4.380627
0.207431 4.404633
0.208886 4.430014
0.210340 4.456727
0.211794 4.484730
0.213248 4.513977
0.214702 4.544422
0.216157 4.576016
0.217611 4.608709
0.219065 4.642448
0.220519 4.677181
0.221973 4.712854
0.223428 4.749411
0.224882 4.786797
0.226336 4.824954
0.227790 4.863826
0.229244 4.903355
0.230699 4.943482
0.232153 4.984149
0.233607 5.025299
0.235061 5.066872
0.236515 5.108810
0.237969 5.151056
0.239424 5.193550
0.240878 5.236236
0.242332 5.279055
0.243786 5.321952
0.245240 5.364868
0.246695 5.407748
0.248149 5.450535
0.249603 5.493175
0.251057 5.535613
0.252511 5.577794
0.253966 5.619665
0.255420 5.661173
0.256874 5.702264
0.258328 5.742888
0.259782 5.782994
0.261236 5.822530
0.262691 5.861448
0.264145 5.899698
0.265599 5.937233
0.267053 5.974005
0.268508 6.009969
0.269962 6.045080
0.271416 6.079293
0.272870 6.112565
0.274324 6.144854
0.275778 6.176120
0.277233 6.206325
0.278687 6.235428
0.280141 6.263395
0.281595 6.290191
0.283049 6.315781
0.284504 6.340135
0.285958 6.363222
0.287412 6.385015
0.288866 6.405487
0.290320 6.424614
0.291775 6.442374
0.293229 6.458746
0.294683 6.473714
0.296137 6.487261
0.297591 6.499374
0.299046 6.510042
0.300500 6.519256
0.301954 6.527009
0.303408 6.533298
0.304862 6.538119
0.306316 6.541475
0.307771 6.543367
0.309225 6.543800
0.310679 6.542781
0.312133 6.540320
0.313588 6.536428
0.315042 6.531117
0.316496 6.524404
0.317950 6.516305
0.319404 6.506838
0.320858 6.496025
0.322313 6.483886
0.323767 6.470446
0.325221 6.455727
0.326675 6.439758
0.328129 6.422563
0.329584 6.404171

0.329584 6.404171
0.331541 6.458646
0.333498 6.508005
0.335455 6.552001
0.337413 6.590418
0.339370 6.623077
0.341327 6.649836
0.343284 6.670592
0.345242 6.685284
0.347199 6.693889
0.349156 6.696425
0.351114 6.692946
0.353071 6.683540
0.355028 6.668327
0.356985 6.647452
0.358943 6.621086
0.360900 6.589417
0.362857 6.552646
0.364814 6.510988
0.366772 6.464663
0.368729 6.413897
0.370686 6.358917
0.372644 6.299947
0.374601 6.237211
0.376558 6.170928
0.378515 6.101313
0.380473 6.028572
0.382430 5.952907
0.384387 5.874513
0.386344 5.793576
0.388302 5.710278
0.390259 5.624790
0.392216 5.537280
0.394174 5.447908
0.396131 5.356826
0.398088 5.264181
0.400045 5.170117
0.402003 5.074768
0.403960 4.978266
0.405917 4.880737
0.407874 4.782302
0.409832 4.683080
0.411789 4.583183
0.413746 4.482722
0.415704 4.381802
0.417661 4.280526
0.419618 4.178995
0.421575 4.077304
0.423533 3.975548
0.425490 3.873818
0.427447 3.772203
0.429404 3.670789
0.431362 3.569659
0.433319 3.468895
0.435276 3.368577
0.437233 3.268781
0.439191 3.169582
0.441148 3.071054
0.443105 2.973265
0.445063 2.876285
0.447020 2.780179
0.448977 2.685012
0.450934 2.590844
0.452892 2.497734
0.454849 2.405740
0.456806 2.314915
0.458763 2.225309
0.460721 2.136972
0.462678 2.049949
0.464635 1.964282
0.466593 1.880010
0.468550 1.797169
0.470507 1.715790
0.472464 1.635901
0.474422 1.557526
0.476379 1.480685
0.478336 1.405393
0.480293 1.331659
0.482251 1.259489
0.484208 1.188882
0.486165 1.119833
0.488123 1.052328
0.490080 0.986352
0.492037 0.921879
0.493994 0.858878
0.495952 0.797312
0.497909 0.738394
0.499866 0.686250
0.501823 0.633973
0.503781 0.581575
0.505738 0.529063
0.507695 0.476450
0.509653 0.423744
0.511610 0.370956
0.513567 0.318096
0.515524 0.265175
0.517482 0.212202
0.519439 0.159187
0.521396 0.106142
0.523354 0.053076
0.525311 0.000000

0.525311 0.000000
0.526912 0.043224
0.528513 0.086447
0.530115 0.129667
0.531716 0.172884
0.533317 0.216095
0.534918 0.259299
0.536520 0.302494
0.538121 0.345679
0.539722 0.388853
0.541324 0.432012
0.542925 0.475155
0.544526 0.518280
0.546128 0.561383
0.547729 0.604463
0.549330 0.647517
0.550932 0.690540
0.552533 0.733531
0.554134 0.776484
0.555735 0.819396
0.557337 0.862264
0.558938 0.905081
0.560539 0.947843
0.562141 0.990546
0.563742 1.033182
0.565343 1.075748
0.566944 1.118235
0.568546 1.160638
0.570147 1.202949
0.571748 1.245161
0.573350 1.287266
0.574951 1.329257
0.576552 1.371124
0.578153 1.412858
0.579755 1.454451
0.581356 1.495892
0.582957 1.537171
0.584559 1.578278
0.586160 1.619201
0.587761 1.659931
0.589363 1.700454
0.590964 1.740758
0.592565 1.780832
0.594167 1.820662
0.595768 1.860235
0.597369 1.899538
0.598970 1.938556
0.600572 1.977276
0.602173 2.015683
0.603774 2.053761
0.605375 2.091496
0.606977 2.128873
0.608578 2.165874
0.610179 2.202486
0.611781 2.238690
0.613382 2.274471
0.614983 2.309811
0.616585 2.344695
0.618186 2.379104
0.619787 2.413022
0.621389 2.446431
0.622990 2.479314
0.624591 2.511653
0.626192 2.543431
0.627794 2.574629
0.629395 2.605231
0.630996 2.635218
0.632598 2.664573
0.634199 2.693278
0.635800 2.721315
0.637401 2.748668
0.639003 2.775319
0.640604 2.801251
0.642205 2.826447
0.643807 2.850891
0.645408 2.874565
0.647009 2.897455
0.648610 2.919545
0.650212 2.940818
0.651813 2.961261
0.653414 2.980858
0.655016 2.999595
0.656617 3.017459
0.658218 3.034437
0.659820 3.050516
0.661421 3.065683
0.663022 3.079928
0.664623 3.093240
0.666225 3.105608
0.667826 3.117023
0.669427 3.127476
0.671029 3.136958
0.672630 3.145463
0.674231 3.152983
0.675832 3.159513
0.677434 3.165047
0.679035 3.169581
0.680636 3.173111
0.682238 3.175635
0.683839 3.177150
0.685440 3.177655


0.000000 0.000000
0.001842 0.148016
0.003683 0.296013
0.005525 0.443973
0.007367 0.591877
0.009208 0.739707
0.011050 0.887444
0.012892 1.035070
0.014733 1.182566
0.016575 1.329915
0.018416 1.477098
0.020258 1.624096
0.022100 1.770893
0.023941 1.917469
0.025783 2.063808
0.027625 2.209891
0.029466 2.355702
0.031308 2.501222
0.033150 2.646435
0.034991 2.791324
0.036833 2.935871
0.038675 3.080060
0.040516 3.223875
0.042358 3.367299
0.044199 3.510317
0.046041 3.652912
0.047883 3.795069
0.049724 3.936772
0.051566 4.078006
0.053408 4.218756
0.055249 4.359007
0.057091 4.498745
0.058933 4.637955
0.060774 4.776624
0.062616 4.914737
0.064458 5.052281
0.066299 5.189242
0.068141 5.325608
0.069982 5.461365
0.071824 5.596501
0.073666 5.731003
0.075507 5.864859
0.077349 5.998057
0.079191 6.130585
0.081032 6.262432
0.082874 6.393587
0.084716 6.524038
0.086557 6.653774
0.088399 6.782785
0.090241 6.911061
0.092082 7.038591
0.093924 7.165365
0.095765 7.291373
0.097607 7.416606
0.099449 7.541053
0.101290 7.664706
0.103132 7.787556
0.104974 7.909593
0.106815 8.030809
0.108657 8.151195
0.110499 8.270742
0.112340 8.389442
0.114182 8.507287
0.116024 8.624269
0.117865 8.740379
0.119707 8.855609
0.121548 8.969953
0.123390 9.083401
0.125232 9.195946
0.127073 9.307582
0.128915 9.418300
0.130757 9.528092
0.132598 9.636953
0.134440 9.744874
0.136282 9.851847
0.138123 9.957867
0.139965 10.062926
0.141807 10.167017
0.143648 10.270132
0.145490 10.372265
0.147331 10.473409
0.149173 10.573557
0.151015 10.672701
0.152856 10.770836
0.154698 10.867952
0.156540 10.964045
0.158381 11.059105
0.160223 11.153127
0.162065 11.246101
0.163906 11.338021
0.165748 11.428877
0.167590 11.518660
0.169431 11.607359
0.171273 11.694961
0.173114 11.781448
0.174956 11.866793
0.176798 11.950950
0.178639 12.033820
0.180481 12.115122
0.182323 12.193568
0.184164 12.249043

0.184164 12.249043
0.185618 12.240952
0.187073 12.222640
0.188527 12.200038
0.189981 12.175166
0.191435 12.148718
0.192889 12.120998
0.194344 12.092170
0.195798 12.062342
0.197252 12.031595
0.198706 11.999999
0.200160 11.967613
0.201615 11.934495
0.203069 11.900699
0.204523 11.866280
0.205977 11.831288
0.207431 11.795777
0.208886 11.759798
0.210340 11.723403
0.211794 11.686643
0.213248 11.649571
0.214702 11.612239
0.216157 11.574700
0.217611 11.537006
0.219065 11.499212
0.220519 11.461370
0.221973 11.423537
0.223428 11.385766
0.224882 11.348113
0.226336 11.310634
0.227790 11.273386
0.229244 11.236425
0.230699 11.199809
0.232153 11.163595
0.233607 11.127841
0.235061 11.092604
0.236515 11.057943
0.237969 11.023914
0.239424 10.990575
0.240878 10.957982
0.242332 10.926191
0.243786 10.895257
0.245240 10.865232
0.246695 10.836169
0.248149 10.808118
0.249603 10.781127
0.251057 10.755242
0.252511 10.730505
0.253966 10.706957
0.255420 10.684636
0.256874 10.663574
0.258328 10.643803
0.259782 10.625347
0.261236 10.608231
0.262691 10.592473
0.264145 10.578085
0.265599 10.565079
0.267053 10.553460
0.268508 10.543229
0.269962 10.534384
0.271416 10.526916
0.272870 10.520815
0.274324 10.516066
0.275778 10.512650
0.277233 10.510545
0.278687 10.509724
0.280141 10.510161
0.281595 10.511822
0.283049 10.514675
0.284504 10.518684
0.285958 10.523810
0.287412 10.530014
0.288866 10.537256
0.290320 10.545493
0.291775 10.554682
0.293229 10.564780
0.294683 10.575744
0.296137 10.587528
0.297591 10.600089
0.299046 10.613383
0.300500 10.627366
0.301954 10.641995
0.303408 10.657227
0.304862 10.673019
0.306316 10.689331
0.307771 10.706121
0.309225 10.723349
0.310679 10.740978
0.312133 10.758967
0.313588 10.777281
0.315042 10.795882
0.316496 10.814736
0.317950 10.833808
0.319404 10.853064
0.320858 10.872472
0.322313 10.892000
0.323767 10.911618
0.325221 10.931294
0.326675 10.951000
0.328129 10.970708
0.329584 10.990389

0.329584 10.990389
0.331541 10.930993
0.333498 10.870769
0.335455 10.809728
0.337413 10.747879
0.339370 10.685231
0.341327 10.621792
0.343284 10.557567
0.345242 10.492562
0.347199 10.426779
0.349156 10.360221
0.351114 10.292888
0.353071 10.224778
0.355028 10.155887
0.356985 10.086210
0.358943 10.015741
0.360900 9.944470
0.362857 9.872386
0.364814 9.799476
0.366772 9.725727
0.368729 9.651123
0.370686 9.575647
0.372644 9.499278
0.374601 9.421999
0.376558 9.343787
0.378515 9.264620
0.380473 9.184477
0.382430 9.103332
0.384387 9.021164
0.386344 8.937947
0.388302 8.853657
0.390259 8.768271
0.392216 8.681764
0.394174 8.594112
0.396131 8.505292
0.398088 8.415282
0.400045 8.324060
0.402003 8.231605
0.403960 8.137897
0.405917 8.042917
0.407874 7.946647
0.409832 7.849071
0.411789 7.750174
0.413746 7.649942
0.415704 7.548363
0.417661 7.445425
0.419618 7.341121
0.421575 7.235442
0.423533 7.128382
0.425490 7.019937
0.427447 6.910104
0.429404 6.798882
0.431362 6.686272
0.433319 6.572277
0.435276 6.456899
0.437233 6.340145
0.439191 6.222021
0.441148 6.102537
0.443105 5.981702
0.445063 5.859528
0.447020 5.736029
0.448977 5.611219
0.450934 5.485115
0.452892 5.357733
0.454849 5.229092
0.456806 5.099214
0.458763 4.968118
0.460721 4.835828
0.462678 4.702367
0.464635 4.567760
0.466593 4.432032
0.468550 4.295212
0.470507 4.157326
0.472464 4.018403
0.474422 3.878473
0.476379 3.737567
0.478336 3.595716
0.480293 3.452953
0.482251 3.309309
0.484208 3.164819
0.486165 3.019517
0.488123 2.873437
0.490080 2.726616
0.492037 2.579088
0.493994 2.430892
0.495952 2.282063
0.497909 2.132639
0.499866 1.982658
0.501823 1.832158
0.503781 1.681178
0.505738 1.529756
0.507695 1.377932
0.509653 1.225746
0.511610 1.073237
0.513567 0.920444
0.515524 0.767409
0.517482 0.614170
0.519439 0.460770
0.521396 0.307248
0.523354 0.153644
0.525311 0.000000

0.525311 0.000000
0.526912 0.113818
0.528513 0.227659
0.530115 0.341544
0.531716 0.455495
0.533317 0.569533
0.534918 0.683681
0.536520 0.797958
0.538121 0.912386
0.539722 1.026983
0.541324 1.141770
0.542925 1.256764
0.544526 1.371982
0.546128 1.487442
0.547729 1.603158
0.549330 1.719147
0.550932 1.835420
0.552533 1.951992
0.554134 2.068872
0.555735 2.186072
0.557337 2.303601
0.558938 2.421465
0.560539 2.539672
0.562141 2.658227
0.563742 2.777133
0.565343 2.896393
0.566944 3.016009
0.568546 3.135980
0.570147 3.256305
0.571748 3.376981
0.573350 3.498004
0.574951 3.619368
0.576552 3.741068
0.578153 3.863096
0.579755 3.985441
0.581356 4.108095
0.582957 4.231045
0.584559 4.354279
0.586160 4.477782
0.587761 4.601541
0.589363 4.725539
0.590964 4.849758
0.592565 4.974182
0.594167 5.098791
0.595768 5.223564
0.597369 5.348482
0.598970 5.473522
0.600572 5.598662
0.602173 5.723877
0.603774 5.849145
0.605375 5.974440
0.606977 6.099735
0.608578 6.225005
0.610179 6.350223
0.611781 6.475360
0.613382 6.600387
0.614983 6.725277
0.616585 6.849998
0.618186 6.974521
0.619787 7.098813
0.621389 7.222844
0.622990 7.346581
0.624591 7.469990
0.626192 7.593038
0.627794 7.715690
0.629395 7.837910
0.630996 7.959662
0.632598 8.080909
0.634199 8.201612
0.635800 8.321731
0.637401 8.441225
0.639003 8.560051
0.640604 8.678164
0.642205 8.795519
0.643807 8.912065
0.645408 9.027749
0.647009 9.142517
0.648610 9.256308
0.650212 9.369056
0.651813 9.480690
0.653414 9.591131
0.655016 9.700291
0.656617 9.808070
0.658218 9.914354
0.659820 10.019011
0.661421 10.121890
0.663022 10.222807
0.664623 10.321547
0.666225 10.417847
0.667826 10.511388
0.669427 10.601776
0.671029 10.688522
0.672630 10.771016
0.674231 10.848498
0.675832 10.920026
0.677434 10.984450
0.679035 11.040407
0.680636 11.086360
0.682238 11.120716
0.683839 11.142025
0.685440 11.149254


0.000000 15.380390
0.001842 15.380110
0.003683 15.379267
0.005525 15.377862
0.007367 15.375896
0.009208 15.373368
0.011050 15.370279
0.012892 15.366629
0.014733 15.362419
0.016575 15.357649
0.018416 15.352320
0.020258 15.346432
0.022100 15.339986
0.023941 15.332983
0.025783 15.325425
0.027625 15.317311
0.029466 15.308645
0.031308 15.299366
0.033150 15.288885
0.034991 15.277745
0.036833 15.265954
0.038675 15.253520
0.040516 15.240454
0.042358 15.226767
0.044199 15.212468
0.046041 15.197571
0.047883 15.182085
0.049724 15.166024
0.051566 15.149399
0.053408 15.132222
0.055249 15.114506
0.057091 15.096263
0.058933 15.077507
0.060774 15.058250
0.062616 15.038506
0.064458 15.018288
0.066299 14.997609
0.068141 14.976485
0.069982 14.954928
0.071824 14.932954
0.073666 14.910577
0.075507 14.887811
0.077349 14.864673
0.079191 14.841176
0.081032 14.817335
0.082874 14.793167
0.084716 14.768685
0.086557 14.743904
0.088399 14.718839
0.090241 14.693502
0.092082 14.667907
0.093924 14.642065
0.095765 14.615987
0.097607 14.589680
0.099449 14.563152
0.101290 14.536404
0.103132 14.509436
0.104974 14.482243
0.106815 14.454813
0.108657 14.427127
0.110499 14.399156
0.112340 14.370859
0.114182 14.342183
0.116024 14.313056
0.117865 14.283386
0.119707 14.253059
0.121548 14.221939
0.123390 14.189865
0.125232 14.156660
0.127073 14.122142
0.128915 14.086129
0.130757 14.048466
0.132598 14.009032
0.134440 13.967751
0.136282 13.924592
0.138123 13.879566
0.139965 13.832712
0.141807 13.784086
0.143648 13.733755
0.145490 13.681786
0.147331 13.628241
0.149173 13.573180
0.151015 13.516654
0.152856 13.458707
0.154698 13.399379
0.156540 13.338703
0.158381 13.276710
0.160223 13.213424
0.162065 13.148868
0.163906 13.083062
0.165748 13.016025
0.167590 12.947774
0.169431 12.878327
0.171273 12.807702
0.173114 12.735921
0.174956 12.663014
0.176798 12.589031
0.178639 12.514073
0.180481 12.438421
0.182323 12.363364
0.184164 12.309019

0.184164 12.309019
0.185618 12.315953
0.187073 12.330801
0.188527 12.347640
0.189981 12.364467
0.191435 12.380611
0.192889 12.395798
0.194344 12.409899
0.195798 12.422850
0.197252 12.434617
0.198706 12.445187
0.200160 12.454559
0.201615 12.462741
0.203069 12.469750
0.204523 12.475607
0.205977 12.480340
0.207431 12.483978
0.208886 12.486556
0.210340 12.488111
0.211794 12.488682
0.213248 12.488309
0.214702 12.487034
0.216157 12.484899
0.217611 12.481947
0.219065 12.478219
0.220519 12.473757
0.221973 12.468604
0.223428 12.462799
0.224882 12.456382
0.226336 12.449391
0.227790 12.441865
0.229244 12.433839
0.230699 12.425349
0.232153 12.416430
0.233607 12.407114
0.235061 12.397433
0.236515 12.387419
0.237969 12.377102
0.239424 12.366511
0.240878 12.355674
0.242332 12.344619
0.243786 12.333373
0.245240 12.321962
0.246695 12.310412
0.248149 12.298748
0.249603 12.286995
0.251057 12.275176
0.252511 12.263317
0.253966 12.251439
0.255420 12.239566
0.256874 12.227720
0.258328 12.215924
0.259782 12.204200
0.261236 12.192569
0.262691 12.181052
0.264145 12.169670
0.265599 12.158444
0.267053 12.147393
0.268508 12.136538
0.269962 12.125896
0.271416 12.115488
0.272870 12.105329
0.274324 12.095439
0.275778 12.085832
0.277233 12.076525
0.278687 12.067532
0.280141 12.058867
0.281595 12.050542
0.283049 12.042570
0.284504 12.034960
0.285958 12.027721
0.287412 12.020861
0.288866 12.014386
0.290320 12.008300
0.291775 12.002605
0.293229 11.997304
0.294683 11.992394
0.296137 11.987873
0.297591 11.983738
0.299046 11.979980
0.300500 11.976591
0.301954 11.973560
0.303408 11.970876
0.304862 11.968523
0.306316 11.966483
0.307771 11.964739
0.309225 11.963270
0.310679 11.962052
0.312133 11.961062
0.313588 11.960272
0.315042 11.959656
0.316496 11.959182
0.317950 11.958821
0.319404 11.958540
0.320858 11.958305
0.322313 11.958082
0.323767 11.957835
0.325221 11.957529
0.326675 11.957127
0.328129 11.956591
0.329584 11.955885

0.329584 11.955885
0.331541 11.959815
0.333498 11.966899
0.335455 11.977293
0.337413 11.991127
0.339370 12.008502
0.341327 12.029487
0.343284 12.054116
0.345242 12.082389
0.347199 12.114273
0.349156 12.149700
0.351114 12.188568
0.353071 12.230750
0.355028 12.276091
0.356985 12.324414
0.358943 12.375525
0.360900 12.429216
0.362857 12.485267
0.364814 12.543454
0.366772 12.603551
0.368729 12.665329
0.370686 12.728565
0.372644 12.793040
0.374601 12.858540
0.376558 12.924862
0.378515 12.991809
0.380473 13.059195
0.382430 13.126844
0.384387 13.194590
0.386344 13.262279
0.388302 13.329764
0.390259 13.396910
0.392216 13.463591
0.394174 13.529691
0.396131 13.595103
0.398088 13.659727
0.400045 13.723473
0.402003 13.786257
0.403960 13.848003
0.405917 13.908641
0.407874 13.968110
0.409832 14.026352
0.411789 14.083317
0.413746 14.138957
0.415704 14.193233
0.417661 14.246109
0.419618 14.297553
0.421575 14.347538
0.423533 14.396039
0.425490 14.443039
0.427447 14.488522
0.429404 14.532475
0.431362 14.574891
0.433319 14.615767
0.435276 14.655102
0.437233 14.692903
0.439191 14.729181
0.441148 14.763950
0.443105 14.797235
0.445063 14.829063
0.447020 14.859473
0.448977 14.888507
0.450934 14.916215
0.452892 14.942655
0.454849 14.967887
0.456806 14.991976
0.458763 15.014989
0.460721 15.036992
0.462678 15.058047
0.464635 15.078215
0.466593 15.097551
0.468550 15.116104
0.470507 15.133917
0.472464 15.151027
0.474422 15.167465
0.476379 15.183255
0.478336 15.198418
0.480293 15.212968
0.482251 15.226918
0.484208 15.240273
0.486165 15.253039
0.488123 15.265218
0.490080 15.276809
0.492037 15.287811
0.493994 15.298221
0.495952 15.308035
0.497909 15.317247
0.499866 15.325853
0.501823 15.333848
0.503781 15.341225
0.505738 15.347980
0.507695 15.354107
0.509653 15.359602
0.511610 15.364460
0.513567 15.368677
0.515524 15.372251
0.517482 15.375179
0.519439 15.377458
0.521396 15.379087
0.523354 15.380064
0.525311 15.380390

0.525311 15.380390
0.526912 15.380239
0.528513 15.379783
0.530115 15.379024
0.531716 15.377963
0.533317 15.376599
0.534918 15.374934
0.536520 15.372968
0.538121 15.370703
0.539722 15.368140
0.541324 15.365280
0.542925 15.362126
0.544526 15.358678
0.546128 15.354940
0.547729 15.350914
0.549330 15.346601
0.550932 15.342005
0.552533 15.337128
0.554134 15.331974
0.555735 15.326546
0.557337 15.320846
0.558938 15.314880
0.560539 15.308650
0.562141 15.302161
0.563742 15.295417
0.565343 15.288423
0.566944 15.281182
0.568546 15.273701
0.570147 15.265985
0.571748 15.258038
0.573350 15.249866
0.574951 15.241476
0.576552 15.232873
0.578153 15.224064
0.579755 15.215055
0.581356 15.205853
0.582957 15.196466
0.584559 15.186899
0.586160 15.177162
0.587761 15.167261
0.589363 15.157204
0.590964 15.147001
0.592565 15.136658
0.594167 15.126186
0.595768 15.111541
0.597369 15.089519
0.598970 15.066494
0.600572 15.042444
0.602173 15.017349
0.603774 14.991190
0.605375 14.963948
0.606977 14.935605
0.608578 14.906143
0.610179 14.875546
0.611781 14.843799
0.613382 14.810887
0.614983 14.776796
0.616585 14.741513
0.618186 14.705027
0.619787 14.667327
0.621389 14.628404
0.622990 14.588250
0.624591 14.546857
0.626192 14.504219
0.627794 14.460333
0.629395 14.415196
0.630996 14.368807
0.632598 14.321166
0.634199 14.272276
0.635800 14.222141
0.637401 14.170768
0.639003 14.118167
0.640604 14.064350
0.642205 14.009330
0.643807 13.953129
0.645408 13.895766
0.647009 13.837271
0.648610 13.777675
0.650212 13.717016
0.651813 13.655341
0.653414 13.592704
0.655016 13.529168
0.656617 13.464812
0.658218 13.399727
0.659820 13.334025
0.661421 13.267839
0.663022 13.201333
0.664623 13.134705
0.666225 13.068203
0.667826 13.002131
0.669427 12.936870
0.671029 12.872895
0.672630 12.810806
0.674231 12.751352
0.675832 12.695466
0.677434 12.644292
0.679035 12.599184
0.680636 12.561674
0.682238 12.533353
0.683839 12.515665
0.685440 12.509644


0.000000 15.380390
0.001842 15.380141
0.003683 15.379392
0.005525 15.378136
0.007367 15.376365
0.009208 15.374066
0.011050 15.371223
0.012892 15.367819
0.014733 15.363836
0.016575 15.359254
0.018416 15.354056
0.020258 15.348224
0.022100 15.341744
0.023941 15.334606
0.025783 15.326802
0.027625 15.318328
0.029466 15.309182
0.031308 15.299427
0.033150 15.289660
0.034991 15.279344
0.036833 15.268483
0.038675 15.257079
0.040516 15.245135
0.042358 15.232653
0.044199 15.219638
0.046041 15.206093
0.047883 15.192021
0.049724 15.177428
0.051566 15.162319
0.053408 15.146698
0.055249 15.130572
0.057091 15.113946
0.058933 15.096828
0.060774 15.079224
0.062616 15.061143
0.064458 15.042593
0.066299 15.023583
0.068141 15.004122
0.069982 14.984221
0.071824 14.963890
0.073666 14.943142
0.075507 14.921988
0.077349 14.900441
0.079191 14.878515
0.081032 14.856225
0.082874 14.833586
0.084716 14.810613
0.086557 14.787325
0.088399 14.763738
0.090241 14.739871
0.092082 14.715743
0.093924 14.691375
0.095765 14.666788
0.097607 14.642003
0.099449 14.617043
0.101290 14.591933
0.103132 14.566696
0.104974 14.541358
0.106815 14.515945
0.108657 14.490485
0.110499 14.465004
0.112340 14.439533
0.114182 14.414099
0.116024 14.388734
0.117865 14.363468
0.119707 14.338333
0.121548 14.313361
0.123390 14.288585
0.125232 14.264038
0.127073 14.239755
0.128915 14.215769
0.130757 14.192116
0.132598 14.168830
0.134440 14.145946
0.136282 14.123500
0.138123 14.101528
0.139965 14.080065
0.141807 14.059145
0.143648 14.038805
0.145490 14.019079
0.147331 14.000002
0.149173 13.981607
0.151015 13.963927
0.152856 13.946995
0.154698 13.930843
0.156540 13.915501
0.158381 13.900999
0.160223 13.887364
0.162065 13.874624
0.163906 13.862804
0.165748 13.851928
0.167590 13.842018
0.169431 13.833094
0.171273 13.825175
0.173114 13.818278
0.174956 13.812417
0.176798 13.807605
0.178639 13.803851
0.180481 13.801164
0.182323 13.799549
0.184164 13.799011

0.184164 13.799011
0.185618 13.799303
0.187073 13.800181
0.188527 13.801643
0.189981 13.803689
0.191435 13.806317
0.192889 13.809524
0.194344 13.813305
0.195798 13.817652
0.197252 13.822551
0.198706 13.827989
0.200160 13.833946
0.201615 13.840400
0.203069 13.847324
0.204523 13.854689
0.205977 13.862463
0.207431 13.870613
0.208886 13.879103
0.210340 13.887897
0.211794 13.896958
0.213248 13.906253
0.214702 13.915744
0.216157 13.925400
0.217611 13.935190
0.219065 13.945082
0.220519 13.955050
0.221973 13.965069
0.223428 13.975115
0.224882 13.985166
0.226336 13.995201
0.227790 14.005201
0.229244 14.015149
0.230699 14.025025
0.232153 14.034814
0.233607 14.044498
0.235061 14.054060
0.236515 14.063485
0.237969 14.072753
0.239424 14.081849
0.240878 14.090755
0.242332 14.099452
0.243786 14.107923
0.245240 14.116150
0.246695 14.124113
0.248149 14.131794
0.249603 14.139176
0.251057 14.146241
0.252511 14.152971
0.253966 14.159352
0.255420 14.165368
0.256874 14.171006
0.258328 14.176254
0.259782 14.181103
0.261236 14.185544
0.262691 14.189571
0.264145 14.193179
0.265599 14.196367
0.267053 14.199133
0.268508 14.201477
0.269962 14.203402
0.271416 14.204911
0.272870 14.206008
0.274324 14.206699
0.275778 14.206991
0.277233 14.206890
0.278687 14.206406
0.280141 14.205545
0.281595 14.204319
0.283049 14.202737
0.284504 14.200809
0.285958 14.198548
0.287412 14.195964
0.288866 14.193069
0.290320 14.189877
0.291775 14.186401
0.293229 14.182653
0.294683 14.178649
0.296137 14.174403
0.297591 14.169930
0.299046 14.165245
0.300500 14.160365
0.301954 14.155306
0.303408 14.150086
0.304862 14.144721
0.306316 14.139229
0.307771 14.133630
0.309225 14.127941
0.310679 14.122183
0.312133 14.116374
0.313588 14.110534
0.315042 14.104685
0.316496 14.098845
0.317950 14.093037
0.319404 14.087282
0.320858 14.081599
0.322313 14.076012
0.323767 14.070540
0.325221 14.065206
0.326675 14.060029
0.328129 14.055031
0.329584 14.050233

0.329584 14.050233
0.331541 14.064462
0.333498 14.078989
0.335455 14.093804
0.337413 14.108899
0.339370 14.124263
0.341327 14.139885
0.343284 14.155757
0.345242 14.171867
0.347199 14.188205
0.349156 14.204761
0.351114 14.221524
0.353071 14.238483
0.355028 14.255629
0.356985 14.272950
0.358943 14.290436
0.360900 14.308075
0.362857 14.325857
0.364814 14.343772
0.366772 14.361807
0.368729 14.379954
0.370686 14.398199
0.372644 14.416534
0.374601 14.434946
0.376558 14.453426
0.378515 14.471962
0.380473 14.490544
0.382430 14.509161
0.384387 14.527802
0.386344 14.546457
0.388302 14.565115
0.390259 14.583766
0.392216 14.602400
0.394174 14.621005
0.396131 14.639573
0.398088 14.658093
0.400045 14.676554
0.402003 14.694948
0.403960 14.713263
0.405917 14.731491
0.407874 14.749622
0.409832 14.767646
0.411789 14.785554
0.413746 14.803337
0.415704 14.820985
0.417661 14.838490
0.419618 14.855843
0.421575 14.873034
0.423533 14.890056
0.425490 14.906899
0.427447 14.922765
0.429404 14.937650
0.431362 14.952814
0.433319 14.968248
0.435276 14.983939
0.437233 14.999873
0.439191 15.016032
0.441148 15.032391
0.443105 15.048924
0.445063 15.063782
0.447020 15.078150
0.448977 15.092250
0.450934 15.106075
0.452892 15.119619
0.454849 15.132876
0.456806 15.145840
0.458763 15.158505
0.460721 15.170865
0.462678 15.182916
0.464635 15.194650
0.466593 15.206064
0.468550 15.217153
0.470507 15.227911
0.472464 15.238333
0.474422 15.248416
0.476379 15.258155
0.478336 15.267545
0.480293 15.276583
0.482251 15.285264
0.484208 15.293586
0.486165 15.301544
0.488123 15.309135
0.490080 15.316357
0.492037 15.323205
0.493994 15.329677
0.495952 15.335770
0.497909 15.341483
0.499866 15.346811
0.501823 15.351754
0.503781 15.356309
0.505738 15.360474
0.507695 15.364248
0.509653 15.367628
0.511610 15.370614
0.513567 15.373205
0.515524 15.375399
0.517482 15.377195
0.519439 15.378592
0.521396 15.379591
0.523354 15.380191
0.525311 15.380390

0.525311 15.380390
0.526912 15.380239
0.528513 15.379783
0.530115 15.379024
0.531716 15.377963
0.533317 15.376599
0.534918 15.374934
0.536520 15.372968
0.538121 15.370703
0.539722 15.368140
0.541324 15.365280
0.542925 15.362126
0.544526 15.358678
0.546128 15.354940
0.547729 15.350914
0.549330 15.346601
0.550932 15.342005
0.552533 15.337128
0.554134 15.331974
0.555735 15.326546
0.557337 15.320846
0.558938 15.314880
0.560539 15.308650
0.562141 15.302161
0.563742 15.295417
0.565343 15.288423
0.566944 15.281182
0.568546 15.273701
0.570147 15.265985
0.571748 15.258038
0.573350 15.249866
0.574951 15.241476
0.576552 15.232873
0.578153 15.224064
0.579755 15.215055
0.581356 15.205853
0.582957 15.196466
0.584559 15.186899
0.586160 15.177162
0.587761 15.167261
0.589363 15.157204
0.590964 15.147001
0.592565 15.136658
0.594167 15.126186
0.595768 15.115593
0.597369 15.104888
0.598970 15.094080
0.600572 15.083180
0.602173 15.072196
0.603774 15.061140
0.605375 15.050021
0.606977 15.038850
0.608578 15.027638
0.610179 15.016395
0.611781 15.005133
0.613382 14.993862
0.614983 14.982595
0.616585 14.971342
0.618186 14.960116
0.619787 14.948928
0.621389 14.937791
0.622990 14.926716
0.624591 14.915715
0.626192 14.904801
0.627794 14.893986
0.629395 14.883283
0.630996 14.872703
0.632598 14.862259
0.634199 14.851964
0.635800 14.841830
0.637401 14.831869
0.639003 14.822094
0.640604 14.812516
0.642205 14.803147
0.643807 14.794000
0.645408 14.785086
0.647009 14.776417
0.648610 14.768004
0.650212 14.759858
0.651813 14.751990
0.653414 14.744411
0.655016 14.737130
0.656617 14.730159
0.658218 14.723506
0.659820 14.717180
0.661421 14.711191
0.663022 14.705547
0.664623 14.700256
0.666225 14.695325
0.667826 14.690762
0.669427 14.686573
0.671029 14.682764
0.672630 14.679342
0.674231 14.676309
0.675832 14.673672
0.677434 14.671434
0.679035 14.669599
0.680636 14.668168
0.682238 14.667145
0.683839 14.666530
0.685440 14.666325


0.000000 15.441188
0.001842 15.440981
0.003683 15.440364
0.005525 15.439339
0.007367 15.437917
0.009208 15.436107
0.011050 15.433923
0.012892 15.431380
0.014733 15.428494
0.016575 15.425278
0.018416 15.421749
0.020258 15.417918
0.022100 15.413794
0.023941 15.409383
0.025783 15.404688
0.027625 15.399707
0.029466 15.394435
0.031308 15.388865
0.033150 15.382984
0.034991 15.376782
0.036833 15.370242
0.038675 15.363350
0.040516 15.356088
0.042358 15.348440
0.044199 15.340386
0.046041 15.331910
0.047883 15.322992
0.049724 15.313615
0.051566 15.303760
0.053408 15.293409
0.055249 15.282543
0.057091 15.271145
0.058933 15.259197
0.060774 15.246680
0.062616 15.233578
0.064458 15.219872
0.066299 15.205547
0.068141 15.190585
0.069982 15.174970
0.071824 15.158687
0.073666 15.141719
0.075507 15.124051
0.077349 15.105670
0.079191 15.086562
0.081032 15.066714
0.082874 15.046114
0.084716 15.024750
0.086557 15.002613
0.088399 14.979695
0.090241 14.955987
0.092082 14.931484
0.093924 14.906184
0.095765 14.880084
0.097607 14.853186
0.099449 14.825495
0.101290 14.797020
0.103132 14.767774
0.104974 14.737777
0.106815 14.707054
0.108657 14.675640
0.110499 14.643581
0.112340 14.610932
0.114182 14.577768
0.116024 14.544177
0.117865 14.510272
0.119707 14.476186
0.121548 14.442078
0.123390 14.408128
0.125232 14.374535
0.127073 14.341507
0.128915 14.309245
0.130757 14.277931
0.132598 14.247710
0.134440 14.218681
0.136282 14.190900
0.138123 14.164383
0.139965 14.139114
0.141807 14.115062
0.143648 14.092187
0.145490 14.070446
0.147331 14.049803
0.149173 14.030223
0.151015 14.011680
0.152856 13.994153
0.154698 13.977627
0.156540 13.962093
0.158381 13.947543
0.160223 13.933976
0.162065 13.921390
0.163906 13.909789
0.165748 13.899174
0.167590 13.889550
0.169431 13.880922
0.171273 13.873295
0.173114 13.866673
0.174956 13.861061
0.176798 13.856463
0.178639 13.852883
0.180481 13.850323
0.182323 13.848787
0.184164 13.848274

0.184164 13.848274
0.185618 13.848612
0.187073 13.849621
0.188527 13.851296
0.189981 13.853623
0.191435 13.856587
0.192889 13.860169
0.194344 13.864346
0.195798 13.869096
0.197252 13.874394
0.198706 13.880213
0.200160 13.886528
0.201615 13.893313
0.203069 13.900543
0.204523 13.908191
0.205977 13.916233
0.207431 13.924644
0.208886 13.933399
0.210340 13.942473
0.211794 13.951841
0.213248 13.961476
0.214702 13.971353
0.216157 13.981445
0.217611 13.991725
0.219065 14.002164
0.220519 14.012736
0.221973 14.023410
0.223428 14.034161
0.224882 14.044959
0.226336 14.055778
0.227790 14.066592
0.229244 14.077377
0.230699 14.088110
0.232153 14.098768
0.233607 14.109333
0.235061 14.119787
0.236515 14.130115
0.237969 14.140303
0.239424 14.150340
0.240878 14.160217
0.242332 14.169927
0.243786 14.179464
0.245240 14.188825
0.246695 14.198009
0.248149 14.207013
0.249603 14.215840
0.251057 14.224489
0.252511 14.232963
0.253966 14.241263
0.255420 14.249392
0.256874 14.257350
0.258328 14.265138
0.259782 14.272757
0.261236 14.280206
0.262691 14.287483
0.264145 14.294584
0.265599 14.301508
0.267053 14.308249
0.268508 14.314802
0.269962 14.321161
0.271416 14.327321
0.272870 14.333275
0.274324 14.339015
0.275778 14.344535
0.277233 14.349827
0.278687 14.354886
0.280141 14.359703
0.281595 14.364271
0.283049 14.368585
0.284504 14.372638
0.285958 14.376423
0.287412 14.379936
0.288866 14.383169
0.290320 14.386118
0.291775 14.388779
0.293229 14.391147
0.294683 14.393217
0.296137 14.394986
0.297591 14.396452
0.299046 14.397610
0.300500 14.398459
0.301954 14.398997
0.303408 14.399222
0.304862 14.399134
0.306316 14.398732
0.307771 14.398016
0.309225 14.396987
0.310679 14.395645
0.312133 14.393993
0.313588 14.392032
0.315042 14.389766
0.316496 14.387198
0.317950 14.384331
0.319404 14.381171
0.320858 14.377723
0.322313 14.373993
0.323767 14.369986
0.325221 14.365711
0.326675 14.361176
0.328129 14.356389
0.329584 14.351359

0.329584 14.351359
0.331541 14.366598
0.333498 14.381427
0.335455 14.395849
0.337413 14.409867
0.339370 14.423488
0.341327 14.436719
0.343284 14.449573
0.345242 14.462059
0.347199 14.474194
0.349156 14.485991
0.351114 14.497469
0.353071 14.508644
0.355028 14.519538
0.356985 14.530169
0.358943 14.540560
0.360900 14.550734
0.362857 14.560712
0.364814 14.570518
0.366772 14.580177
0.368729 14.589712
0.370686 14.599149
0.372644 14.608512
0.374601 14.617825
0.376558 14.627113
0.378515 14.636400
0.380473 14.645710
0.382430 14.655066
0.384387 14.664491
0.386344 14.674006
0.388302 14.683634
0.390259 14.693394
0.392216 14.703305
0.394174 14.713387
0.396131 14.723657
0.398088 14.734130
0.400045 14.744821
0.402003 14.755745
0.403960 14.766913
0.405917 14.778337
0.407874 14.790027
0.409832 14.801991
0.411789 14.814237
0.413746 14.826770
0.415704 14.839595
0.417661 14.852715
0.419618 14.866132
0.421575 14.879847
0.423533 14.893859
0.425490 14.908166
0.427447 14.923557
0.429404 14.940019
0.431362 14.956279
0.433319 14.972329
0.435276 14.988160
0.437233 15.003765
0.439191 15.019137
0.441148 15.034269
0.443105 15.049153
0.445063 15.065598
0.447020 15.082374
0.448977 15.099207
0.450934 15.116046
0.452892 15.132837
0.454849 15.149520
0.456806 15.166034
0.458763 15.182317
0.460721 15.198307
0.462678 15.213948
0.464635 15.229186
0.466593 15.243974
0.468550 15.258272
0.470507 15.272044
0.472464 15.285265
0.474422 15.297913
0.476379 15.309974
0.478336 15.321440
0.480293 15.332306
0.482251 15.342573
0.484208 15.352247
0.486165 15.361334
0.488123 15.369844
0.490080 15.377792
0.492037 15.385189
0.493994 15.392051
0.495952 15.398395
0.497909 15.404236
0.499866 15.409591
0.501823 15.414475
0.503781 15.418906
0.505738 15.422898
0.507695 15.426464
0.509653 15.429619
0.511610 15.432374
0.513567 15.434740
0.515524 15.436727
0.517482 15.438341
0.519439 15.439590
0.521396 15.440479
0.523354 15.441011
0.525311 15.441188

0.525311 15.441188
0.526912 15.441107
0.528513 15.440863
0.530115 15.440455
0.531716 15.439878
0.533317 15.439130
0.534918 15.438202
0.536520 15.437089
0.538121 15.435782
0.539722 15.434270
0.541324 15.432545
0.542925 15.430592
0.544526 15.428400
0.546128 15.425953
0.547729 15.423237
0.549330 15.420236
0.550932 15.416931
0.552533 15.413305
0.554134 15.409339
0.555735 15.405012
0.557337 15.400304
0.558938 15.395195
0.560539 15.389661
0.562141 15.383680
0.563742 15.377229
0.565343 15.370285
0.566944 15.362823
0.568546 15.354819
0.570147 15.346249
0.571748 15.337087
0.573350 15.327308
0.574951 15.316887
0.576552 15.305798
0.578153 15.294016
0.579755 15.281517
0.581356 15.268273
0.582957 15.254261
0.584559 15.239455
0.586160 15.223830
0.587761 15.207363
0.589363 15.190027
0.590964 15.171801
0.592565 15.152659
0.594167 15.132580
0.595768 15.115593
0.597369 15.104888
0.598970 15.094080
0.600572 15.083180
0.602173 15.072196
0.603774 15.061140
0.605375 15.050021
0.606977 15.038850
0.608578 15.027638
0.610179 15.016395
0.611781 15.005133
0.613382 14.993862
0.614983 14.982595
0.616585 14.971342
0.618186 14.960116
0.619787 14.948928
0.621389 14.937791
0.622990 14.926716
0.624591 14.915715
0.626192 14.904801
0.627794 14.893986
0.629395 14.883283
0.630996 14.872703
0.632598 14.862259
0.634199 14.851964
0.635800 14.841830
0.637401 14.831869
0.639003 14.822094
0.640604 14.812516
0.642205 14.803147
0.643807 14.794000
0.645408 14.785086
0.647009 14.776417
0.648610 14.768004
0.650212 14.759858
0.651813 14.751990
0.653414 14.744411
0.655016 14.737130
0.656617 14.730159
0.658218 14.723506
0.659820 14.717180
0.661421 14.711191
0.663022 14.705547
0.664623 14.700256
0.666225 14.695325
0.667826 14.690762
0.669427 14.686573
0.671029 14.682764
0.672630 14.679342
0.674231 14.676309
0.675832 14.673672
0.677434 14.671434
0.679035 14.669599
0.680636 14.668168
0.682238 14.667145
0.683839 14.666530
0.685440 14.666325


