# End points of segments: 
#   0.00000000 0.18421660 0.33071080 0.52416780 0.68052960 
0.000000 -0.000000
0.001842 0.058383
0.003684 0.116758
0.005527 0.175117
0.007369 0.233454
0.009211 0.291760
0.011053 0.350027
0.012895 0.408249
0.014737 0.466417
0.016580 0.524524
0.018422 0.582562
0.020264 0.640523
0.022106 0.698400
0.023948 0.756185
0.025790 0.813870
0.027633 0.871449
0.029475 0.928912
0.031317 0.986253
0.033159 1.043464
0.035001 1.100537
0.036843 1.157464
0.038685 1.214238
0.040528 1.270851
0.042370 1.327295
0.044212 1.383562
0.046054 1.439643
0.047896 1.495532
0.049738 1.551220
0.051581 1.606699
0.053423 1.661961
0.055265 1.716996
0.057107 1.771797
0.058949 1.826354
0.060791 1.880660
0.062634 1.934705
0.064476 1.988479
0.066318 2.041974
0.068160 2.095180
0.070002 2.148086
0.071845 2.200684
0.073687 2.252962
0.075529 2.304909
0.077371 2.356516
0.079213 2.407769
0.081055 2.458659
0.082897 2.509173
0.084740 2.559297
0.086582 2.609021
0.088424 2.658330
0.090266 2.707211
0.092108 2.755649
0.093951 2.803631
0.095793 2.851140
0.097635 2.898162
0.099477 2.944681
0.101319 2.990680
0.103161 3.036141
0.105003 3.081048
0.106846 3.125383
0.108688 3.169125
0.110530 3.212257
0.112372 3.254759
0.114214 3.296610
0.116057 3.337789
0.117899 3.378276
0.119741 3.418048
0.121583 3.457083
0.123425 3.495359
0.125267 3.532853
0.127109 3.569540
0.128952 3.605398
0.130794 3.640402
0.132636 3.674527
0.134478 3.707749
0.136320 3.740044
0.138162 3.771386
0.140005 3.801750
0.141847 3.831112
0.143689 3.859447
0.145531 3.886730
0.147373 3.912936
0.149215 3.938042
0.151058 3.962024
0.152900 3.984859
0.154742 4.006525
0.156584 4.026999
0.158426 4.046260
0.160268 4.064288
0.162111 4.081065
0.163953 4.096570
0.165795 4.110788
0.167637 4.123703
0.169479 4.135299
0.171321 4.145563
0.173164 4.154484
0.175006 4.162050
0.176848 4.168253
0.178690 4.173085
0.180532 4.176541
0.182374 4.178616
0.184217 4.179308

0.184217 4.179308
0.185681 4.180130
0.187146 4.182595
0.188611 4.186708
0.190076 4.192469
0.191541 4.199879
0.193006 4.208938
0.194471 4.219638
0.195936 4.231963
0.197401 4.245889
0.198866 4.261374
0.200331 4.278358
0.201796 4.296753
0.203261 4.316428
0.204726 4.337203
0.206191 4.358847
0.207656 4.381111
0.209121 4.403784
0.210586 4.426742
0.212051 4.449929
0.213515 4.473320
0.214980 4.496889
0.216445 4.520597
0.217910 4.544391
0.219375 4.568209
0.220840 4.591980
0.222305 4.615629
0.223770 4.639077
0.225235 4.662242
0.226700 4.685043
0.228165 4.707396
0.229630 4.729220
0.231095 4.750431
0.232560 4.770948
0.234025 4.790690
0.235490 4.809579
0.236955 4.827536
0.238419 4.844486
0.239884 4.860355
0.241349 4.875073
0.242814 4.888572
0.244279 4.900785
0.245744 4.911653
0.247209 4.921117
0.248674 4.929124
0.250139 4.935623
0.251604 4.940571
0.253069 4.943927
0.254534 4.945658
0.255999 4.945734
0.257464 4.944133
0.258929 4.940838
0.260394 4.935839
0.261858 4.929132
0.263323 4.920720
0.264788 4.910612
0.266253 4.898825
0.267718 4.885383
0.269183 4.870315
0.270648 4.853660
0.272113 4.835462
0.273578 4.815771
0.275043 4.794645
0.276508 4.772148
0.277973 4.748350
0.279438 4.723327
0.280903 4.697161
0.282368 4.669940
0.283833 4.641756
0.285298 4.612708
0.286762 4.582897
0.288228 4.552430
0.289692 4.521419
0.291157 4.489979
0.292622 4.458229
0.294087 4.426289
0.295552 4.394285
0.297017 4.362345
0.298482 4.330598
0.299947 4.299176
0.301412 4.268212
0.302877 4.237841
0.304342 4.208198
0.305807 4.179418
0.307272 4.151638
0.308737 4.124991
0.310202 4.099611
0.311667 4.075629
0.313132 4.053174
0.314596 4.032372
0.316061 4.013345
0.317526 3.996209
0.318991 3.981076
0.320456 3.968051
0.321921 3.957234
0.323386 3.948715
0.324851 3.942576
0.326316 3.938893
0.327781 3.937729
0.329246 3.939139
0.330711 3.943167

0.330711 3.943167
0.332645 3.926866
0.334580 3.910058
0.336514 3.892741
0.338449 3.874913
0.340384 3.856574
0.342318 3.837720
0.344253 3.818351
0.346187 3.798466
0.348122 3.778062
0.350056 3.757140
0.351991 3.735697
0.353926 3.713732
0.355860 3.691245
0.357795 3.668235
0.359729 3.644700
0.361664 3.620639
0.363598 3.596053
0.365533 3.570941
0.367468 3.545302
0.369402 3.519136
0.371337 3.492443
0.373271 3.465222
0.375206 3.437475
0.377140 3.409200
0.379075 3.380399
0.381010 3.351072
0.382944 3.321219
0.384879 3.290842
0.386813 3.259941
0.388748 3.228518
0.390682 3.196574
0.392617 3.164110
0.394552 3.131129
0.396486 3.097631
0.398421 3.063619
0.400355 3.029096
0.402290 2.994063
0.404224 2.958523
0.406159 2.922479
0.408094 2.885934
0.410028 2.848891
0.411963 2.811353
0.413897 2.773324
0.415832 2.734807
0.417766 2.695807
0.419701 2.656327
0.421636 2.616373
0.423570 2.575948
0.425505 2.535057
0.427439 2.493705
0.429374 2.451897
0.431308 2.409639
0.433243 2.366935
0.435178 2.323793
0.437112 2.280217
0.439047 2.236213
0.440981 2.191789
0.442916 2.146950
0.444850 2.101703
0.446785 2.056055
0.448720 2.010013
0.450654 1.963584
0.452589 1.916776
0.454523 1.869596
0.456458 1.822053
0.458392 1.774153
0.460327 1.725905
0.462262 1.677317
0.464196 1.628398
0.466131 1.579157
0.468065 1.529601
0.470000 1.479741
0.471934 1.429585
0.473869 1.379142
0.475803 1.328421
0.477738 1.277433
0.479673 1.226187
0.481607 1.174692
0.483542 1.122959
0.485476 1.070997
0.487411 1.018816
0.489345 0.966427
0.491280 0.913841
0.493215 0.861066
0.495149 0.808115
0.497084 0.754998
0.499018 0.701725
0.500953 0.648307
0.502888 0.594755
0.504822 0.541080
0.506757 0.487292
0.508691 0.433404
0.510626 0.379426
0.512560 0.325369
0.514495 0.271244
0.516429 0.217063
0.518364 0.162837
0.520299 0.108577
0.522233 0.054294
0.524168 -0.000000

0.524168 -0.000000
0.525731 0.049715
0.527295 0.099422
0.528859 0.149112
0.530422 0.198777
0.531986 0.248408
0.533550 0.297998
0.535113 0.347538
0.536677 0.397020
0.538240 0.446434
0.539804 0.495773
0.541368 0.545028
0.542931 0.594190
0.544495 0.643251
0.546059 0.692202
0.547622 0.741035
0.549186 0.789740
0.550749 0.838309
0.552313 0.886733
0.553876 0.935002
0.555440 0.983108
0.557004 1.031042
0.558567 1.078794
0.560131 1.126355
0.561695 1.173716
0.563258 1.220866
0.564822 1.267797
0.566385 1.314499
0.567949 1.360961
0.569513 1.407175
0.571076 1.453129
0.572640 1.498815
0.574204 1.544221
0.575767 1.589337
0.577331 1.634153
0.578894 1.678659
0.580458 1.722843
0.582022 1.766695
0.583585 1.810204
0.585149 1.853359
0.586712 1.896149
0.588276 1.938563
0.589840 1.980589
0.591403 2.022217
0.592967 2.063434
0.594531 2.104229
0.596094 2.144590
0.597658 2.184505
0.599221 2.223964
0.600785 2.262953
0.602349 2.301460
0.603912 2.339475
0.605476 2.376983
0.607039 2.413974
0.608603 2.450435
0.610167 2.486354
0.611730 2.521718
0.613294 2.556515
0.614858 2.590733
0.616421 2.624359
0.617985 2.657381
0.619548 2.689787
0.621112 2.721564
0.622676 2.752700
0.624239 2.783183
0.625803 2.813000
0.627367 2.842140
0.628930 2.870590
0.630494 2.898339
0.632057 2.925375
0.633621 2.951687
0.635185 2.977262
0.636748 3.002089
0.638312 3.026158
0.639876 3.049457
0.641439 3.071976
0.643003 3.093704
0.644566 3.114631
0.646130 3.134747
0.647694 3.154043
0.649257 3.172508
0.650821 3.190133
0.652385 3.206911
0.653948 3.222832
0.655512 3.237889
0.657075 3.252073
0.658639 3.265378
0.660203 3.277796
0.661766 3.289322
0.663330 3.299948
0.664893 3.309669
0.666457 3.318481
0.668021 3.326378
0.669584 3.333356
0.671148 3.339411
0.672712 3.344540
0.674275 3.348741
0.675839 3.352010
0.677402 3.354347
0.678966 3.355749
0.680530 3.356217


0.000000 0.000000
0.001842 0.062064
0.003684 0.124116
0.005527 0.186142
0.007369 0.248130
0.009211 0.310067
0.011053 0.371940
0.012895 0.433736
0.014737 0.495444
0.016580 0.557051
0.018422 0.618544
0.020264 0.679910
0.022106 0.741138
0.023948 0.802215
0.025790 0.863130
0.027633 0.923870
0.029475 0.984423
0.031317 1.044778
0.033159 1.104923
0.035001 1.164847
0.036843 1.224538
0.038685 1.283984
0.040528 1.343175
0.042370 1.402100
0.044212 1.460747
0.046054 1.519107
0.047896 1.577167
0.049738 1.634918
0.051581 1.692349
0.053423 1.749450
0.055265 1.806210
0.057107 1.862619
0.058949 1.918667
0.060791 1.974343
0.062634 2.029638
0.064476 2.084542
0.066318 2.139044
0.068160 2.193134
0.070002 2.246803
0.071845 2.300039
0.073687 2.352834
0.075529 2.405176
0.077371 2.457056
0.079213 2.508463
0.081055 2.559386
0.082897 2.609814
0.084740 2.659738
0.086582 2.709145
0.088424 2.758025
0.090266 2.806366
0.092108 2.854156
0.093951 2.901384
0.095793 2.948037
0.097635 2.994103
0.099477 3.039568
0.101319 3.084421
0.103161 3.128647
0.105003 3.172233
0.106846 3.215165
0.108688 3.257428
0.110530 3.299007
0.112372 3.339888
0.114214 3.380054
0.116057 3.419490
0.117899 3.458180
0.119741 3.496107
0.121583 3.533255
0.123425 3.569605
0.125267 3.605141
0.127109 3.639845
0.128952 3.673699
0.130794 3.706685
0.132636 3.738784
0.134478 3.769977
0.136320 3.800247
0.138162 3.829574
0.140005 3.857939
0.141847 3.885325
0.143689 3.911712
0.145531 3.937081
0.147373 3.961415
0.149215 3.984695
0.151058 4.006904
0.152900 4.028024
0.154742 4.048039
0.156584 4.066931
0.158426 4.084686
0.160268 4.101287
0.162111 4.116721
0.163953 4.130974
0.165795 4.144033
0.167637 4.155886
0.169479 4.166522
0.171321 4.175930
0.173164 4.184103
0.175006 4.191032
0.176848 4.196711
0.178690 4.201133
0.180532 4.204295
0.182374 4.206193
0.184217 4.206826

0.184217 4.206826
0.185681 4.207670
0.187146 4.210193
0.188611 4.214381
0.190076 4.220205
0.191541 4.227630
0.193006 4.236615
0.194471 4.247113
0.195936 4.259078
0.197401 4.272465
0.198866 4.287236
0.200331 4.303364
0.201796 4.320844
0.203261 4.339706
0.204726 4.360022
0.206191 4.381910
0.207656 4.405501
0.209121 4.430879
0.210586 4.458042
0.212051 4.486911
0.213515 4.517376
0.214980 4.549323
0.216445 4.582649
0.217910 4.617260
0.219375 4.653074
0.220840 4.690012
0.222305 4.728001
0.223770 4.766968
0.225235 4.806845
0.226700 4.847562
0.228165 4.889052
0.229630 4.931247
0.231095 4.974080
0.232560 5.017484
0.234025 5.061394
0.235490 5.105743
0.236955 5.150467
0.238419 5.195499
0.239884 5.240775
0.241349 5.286232
0.242814 5.331806
0.244279 5.377433
0.245744 5.423052
0.247209 5.468599
0.248674 5.514015
0.250139 5.559237
0.251604 5.604207
0.253069 5.648864
0.254534 5.693150
0.255999 5.737006
0.257464 5.780376
0.258929 5.823202
0.260394 5.865429
0.261858 5.907001
0.263323 5.947865
0.264788 5.987967
0.266253 6.027255
0.267718 6.065677
0.269183 6.103182
0.270648 6.139722
0.272113 6.175248
0.273578 6.209713
0.275043 6.243073
0.276508 6.275282
0.277973 6.306298
0.279438 6.336080
0.280903 6.364590
0.282368 6.391789
0.283833 6.417642
0.285298 6.442116
0.286762 6.465179
0.288228 6.486803
0.289692 6.506960
0.291157 6.525627
0.292622 6.542781
0.294087 6.558404
0.295552 6.572479
0.297017 6.584992
0.298482 6.595932
0.299947 6.605292
0.301412 6.613064
0.302877 6.619248
0.304342 6.623842
0.305807 6.626851
0.307272 6.628278
0.308737 6.628133
0.310202 6.626426
0.311667 6.623171
0.313132 6.618382
0.314596 6.612077
0.316061 6.604277
0.317526 6.595003
0.318991 6.584279
0.320456 6.572130
0.321921 6.558584
0.323386 6.543669
0.324851 6.527414
0.326316 6.509851
0.327781 6.491011
0.329246 6.470928
0.330711 6.449635

0.330711 6.449635
0.332645 6.513047
0.334580 6.571752
0.336514 6.625452
0.338449 6.673874
0.340384 6.716775
0.342318 6.753948
0.344253 6.785222
0.346187 6.810470
0.348122 6.829605
0.350056 6.842588
0.351991 6.849420
0.353926 6.850147
0.355860 6.844854
0.357795 6.833660
0.359729 6.816719
0.361664 6.794208
0.363598 6.766329
0.365533 6.733300
0.367468 6.695349
0.369402 6.652715
0.371337 6.605638
0.373271 6.554362
0.375206 6.499126
0.377140 6.440166
0.379075 6.377712
0.381010 6.311987
0.382944 6.243205
0.384879 6.171574
0.386813 6.097290
0.388748 6.020541
0.390682 5.941509
0.392617 5.860363
0.394552 5.777267
0.396486 5.692375
0.398421 5.605834
0.400355 5.517785
0.402290 5.428361
0.404224 5.337689
0.406159 5.245890
0.408094 5.153078
0.410028 5.059365
0.411963 4.964854
0.413897 4.869647
0.415832 4.773839
0.417766 4.677523
0.419701 4.580787
0.421636 4.483714
0.423570 4.386385
0.425505 4.288879
0.427439 4.191269
0.429374 4.093626
0.431308 3.996019
0.433243 3.898513
0.435178 3.801170
0.437112 3.704051
0.439047 3.607212
0.440981 3.510707
0.442916 3.414589
0.444850 3.318907
0.446785 3.223706
0.448720 3.129032
0.450654 3.034925
0.452589 2.941423
0.454523 2.848564
0.456458 2.756379
0.458392 2.664901
0.460327 2.574156
0.462262 2.484170
0.464196 2.394964
0.466131 2.306559
0.468065 2.218971
0.470000 2.132213
0.471934 2.046296
0.473869 1.961228
0.475803 1.877012
0.477738 1.793650
0.479673 1.711141
0.481607 1.629480
0.483542 1.548658
0.485476 1.468665
0.487411 1.389487
0.489345 1.311105
0.491280 1.233500
0.493215 1.156648
0.495149 1.080524
0.497084 1.005096
0.499018 0.930334
0.500953 0.856202
0.502888 0.782664
0.504822 0.709678
0.506757 0.637203
0.508691 0.565195
0.510626 0.493606
0.512560 0.422388
0.514495 0.351492
0.516429 0.280867
0.518364 0.210458
0.520299 0.140214
0.522233 0.070080
0.524168 0.000000

0.524168 0.000000
0.525731 0.049715
0.527295 0.099422
0.528859 0.149112
0.530422 0.198777
0.531986 0.248408
0.533550 0.297998
0.535113 0.347538
0.536677 0.397020
0.538240 0.446434
0.539804 0.495773
0.541368 0.545028
0.542931 0.594190
0.544495 0.643251
0.546059 0.692202
0.547622 0.741035
0.549186 0.789740
0.550749 0.838309
0.552313 0.886733
0.553876 0.935002
0.555440 0.983108
0.557004 1.031042
0.558567 1.078794
0.560131 1.126355
0.561695 1.173716
0.563258 1.220866
0.564822 1.267797
0.566385 1.314499
0.567949 1.360961
0.569513 1.407175
0.571076 1.453129
0.572640 1.498815
0.574204 1.544221
0.575767 1.589337
0.577331 1.634153
0.578894 1.678659
0.580458 1.722843
0.582022 1.766695
0.583585 1.810204
0.585149 1.853359
0.586712 1.896149
0.588276 1.938563
0.589840 1.980589
0.591403 2.022217
0.592967 2.063434
0.594531 2.104229
0.596094 2.144590
0.597658 2.184505
0.599221 2.223964
0.600785 2.262953
0.602349 2.301460
0.603912 2.339475
0.605476 2.376983
0.607039 2.413974
0.608603 2.450435
0.610167 2.486354
0.611730 2.521718
0.613294 2.556515
0.614858 2.590733
0.616421 2.624359
0.617985 2.657381
0.619548 2.689787
0.621112 2.721564
0.622676 2.752700
0.624239 2.783183
0.625803 2.813000
0.627367 2.842140
0.628930 2.870590
0.630494 2.898339
0.632057 2.925375
0.633621 2.951687
0.635185 2.977262
0.636748 3.002089
0.638312 3.026158
0.639876 3.049457
0.641439 3.071976
0.643003 3.093704
0.644566 3.114631
0.646130 3.134747
0.647694 3.154043
0.649257 3.172508
0.650821 3.190133
0.652385 3.206911
0.653948 3.222832
0.655512 3.237889
0.657075 3.252073
0.658639 3.265378
0.660203 3.277796
0.661766 3.289322
0.663330 3.299948
0.664893 3.309669
0.666457 3.318481
0.668021 3.326378
0.669584 3.333356
0.671148 3.339411
0.672712 3.344540
0.674275 3.348741
0.675839 3.352010
0.677402 3.354347
0.678966 3.355749
0.680530 3.356217


0.000000 0.000000
0.001842 0.147327
0.003684 0.294635
0.005527 0.441908
0.007369 0.589127
0.009211 0.736273
0.011053 0.883330
0.012895 1.030279
0.014737 1.177102
0.016580 1.323782
0.018422 1.470300
0.020264 1.616640
0.022106 1.762784
0.023948 1.908714
0.025790 2.054413
0.027633 2.199864
0.029475 2.345050
0.031317 2.489953
0.033159 2.634557
0.035001 2.778846
0.036843 2.922802
0.038685 3.066410
0.040528 3.209653
0.042370 3.352515
0.044212 3.494980
0.046054 3.637033
0.047896 3.778658
0.049738 3.919839
0.051581 4.060562
0.053423 4.200811
0.055265 4.340572
0.057107 4.479830
0.058949 4.618571
0.060791 4.756781
0.062634 4.894445
0.064476 5.031549
0.066318 5.168081
0.068160 5.304027
0.070002 5.439373
0.071845 5.574106
0.073687 5.708214
0.075529 5.841684
0.077371 5.974504
0.079213 6.106661
0.081055 6.238143
0.082897 6.368938
0.084740 6.499035
0.086582 6.628422
0.088424 6.757088
0.090266 6.885021
0.092108 7.012210
0.093951 7.138644
0.095793 7.264313
0.097635 7.389205
0.099477 7.513311
0.101319 7.636619
0.103161 7.759120
0.105003 7.880802
0.106846 8.001657
0.108688 8.121673
0.110530 8.240841
0.112372 8.359150
0.114214 8.476591
0.116057 8.593154
0.117899 8.708828
0.119741 8.823604
0.121583 8.937472
0.123425 9.050421
0.125267 9.162442
0.127109 9.273523
0.128952 9.383654
0.130794 9.492826
0.132636 9.601026
0.134478 9.708243
0.136320 9.814467
0.138162 9.919684
0.140005 10.023882
0.141847 10.127048
0.143689 10.229167
0.145531 10.330225
0.147373 10.430204
0.149215 10.529087
0.151058 10.626853
0.152900 10.723480
0.154742 10.818941
0.156584 10.913206
0.158426 11.006238
0.160268 11.097993
0.162111 11.188415
0.163953 11.277433
0.165795 11.364952
0.167637 11.450844
0.169479 11.534928
0.171321 11.616937
0.173164 11.696463
0.175006 11.772845
0.176848 11.844967
0.178690 11.910829
0.180532 11.966762
0.182374 12.006361
0.184217 12.021100

0.184217 12.021100
0.185681 12.020128
0.187146 12.017218
0.188611 12.012386
0.190076 12.005658
0.191541 11.997071
0.193006 11.986671
0.194471 11.974510
0.195936 11.960648
0.197401 11.945152
0.198866 11.928092
0.200331 11.909541
0.201796 11.889577
0.203261 11.868279
0.204726 11.845728
0.206191 11.822004
0.207656 11.797190
0.209121 11.771366
0.210586 11.744614
0.212051 11.717015
0.213515 11.688648
0.214980 11.659593
0.216445 11.629927
0.217910 11.599729
0.219375 11.569074
0.220840 11.538040
0.222305 11.506700
0.223770 11.475129
0.225235 11.443401
0.226700 11.411587
0.228165 11.379762
0.229630 11.347994
0.231095 11.316357
0.232560 11.284918
0.234025 11.253747
0.235490 11.222913
0.236955 11.192482
0.238419 11.162521
0.239884 11.133094
0.241349 11.104265
0.242814 11.076095
0.244279 11.048644
0.245744 11.021971
0.247209 10.996132
0.248674 10.971178
0.250139 10.947162
0.251604 10.924130
0.253069 10.902128
0.254534 10.881195
0.255999 10.861370
0.257464 10.842685
0.258929 10.825171
0.260394 10.808852
0.261858 10.793750
0.263323 10.779882
0.264788 10.767258
0.266253 10.755887
0.267718 10.745772
0.269183 10.736912
0.270648 10.729301
0.272113 10.722929
0.273578 10.717784
0.275043 10.713847
0.276508 10.711098
0.277973 10.709512
0.279438 10.709063
0.280903 10.709719
0.282368 10.711449
0.283833 10.714218
0.285298 10.717990
0.286762 10.722726
0.288228 10.728387
0.289692 10.734932
0.291157 10.742321
0.292622 10.750512
0.294087 10.759463
0.295552 10.769131
0.297017 10.779475
0.298482 10.790452
0.299947 10.802022
0.301412 10.814144
0.302877 10.826776
0.304342 10.839880
0.305807 10.853415
0.307272 10.867345
0.308737 10.881631
0.310202 10.896236
0.311667 10.911126
0.313132 10.926263
0.314596 10.941615
0.316061 10.957147
0.317526 10.972826
0.318991 10.988619
0.320456 11.004495
0.321921 11.020422
0.323386 11.036369
0.324851 11.052304
0.326316 11.068197
0.327781 11.084017
0.329246 11.099734
0.330711 11.115316

0.330711 11.115316
0.332645 11.068277
0.334580 11.020170
0.336514 10.970975
0.338449 10.920676
0.340384 10.869260
0.342318 10.816720
0.344253 10.763050
0.346187 10.708250
0.348122 10.652320
0.350056 10.595260
0.351991 10.537073
0.353926 10.477760
0.355860 10.417322
0.357795 10.355757
0.359729 10.293063
0.361664 10.229236
0.363598 10.164269
0.365533 10.098153
0.367468 10.030879
0.369402 9.962432
0.371337 9.892800
0.373271 9.821965
0.375206 9.749911
0.377140 9.676618
0.379075 9.602065
0.381010 9.526232
0.382944 9.449097
0.384879 9.370636
0.386813 9.290827
0.388748 9.209647
0.390682 9.127073
0.392617 9.043081
0.394552 8.957649
0.396486 8.870756
0.398421 8.782379
0.400355 8.692498
0.402290 8.601094
0.404224 8.508149
0.406159 8.413644
0.408094 8.317565
0.410028 8.219898
0.411963 8.120628
0.413897 8.019745
0.415832 7.917240
0.417766 7.813103
0.419701 7.707329
0.421636 7.599912
0.423570 7.490851
0.425505 7.380144
0.427439 7.267792
0.429374 7.153797
0.431308 7.038163
0.433243 6.920897
0.435178 6.802005
0.437112 6.681498
0.439047 6.559387
0.440981 6.435684
0.442916 6.310403
0.444850 6.183561
0.446785 6.055175
0.448720 5.925264
0.450654 5.793849
0.452589 5.660951
0.454523 5.526594
0.456458 5.390802
0.458392 5.253601
0.460327 5.115019
0.462262 4.975083
0.464196 4.833824
0.466131 4.691272
0.468065 4.547458
0.470000 4.402416
0.471934 4.256179
0.473869 4.108782
0.475803 3.960261
0.477738 3.810651
0.479673 3.659991
0.481607 3.508318
0.483542 3.355671
0.485476 3.202090
0.487411 3.047615
0.489345 2.892287
0.491280 2.736147
0.493215 2.579237
0.495149 2.421601
0.497084 2.263280
0.499018 2.104319
0.500953 1.944762
0.502888 1.784652
0.504822 1.624035
0.506757 1.462956
0.508691 1.301459
0.510626 1.139592
0.512560 0.977399
0.514495 0.814927
0.516429 0.652221
0.518364 0.489329
0.520299 0.326297
0.522233 0.163172
0.524168 0.000000

0.524168 0.000000
0.525731 0.138965
0.527295 0.277916
0.528859 0.416835
0.530422 0.555708
0.531986 0.694520
0.533550 0.833256
0.535113 0.971899
0.536677 1.110435
0.538240 1.248848
0.539804 1.387124
0.541368 1.525247
0.542931 1.663202
0.544495 1.800973
0.546059 1.938547
0.547622 2.075907
0.549186 2.213040
0.550749 2.349929
0.552313 2.486561
0.553876 2.622920
0.555440 2.758993
0.557004 2.894763
0.558567 3.030217
0.560131 3.165341
0.561695 3.300120
0.563258 3.434539
0.564822 3.568585
0.566385 3.702244
0.567949 3.835502
0.569513 3.968344
0.571076 4.100757
0.572640 4.232728
0.574204 4.364243
0.575767 4.495289
0.577331 4.625852
0.578894 4.755919
0.580458 4.885477
0.582022 5.014514
0.583585 5.143017
0.585149 5.270972
0.586712 5.398368
0.588276 5.525193
0.589840 5.651433
0.591403 5.777078
0.592967 5.902115
0.594531 6.026533
0.596094 6.150320
0.597658 6.273464
0.599221 6.395955
0.600785 6.517781
0.602349 6.638932
0.603912 6.759397
0.605476 6.879165
0.607039 6.998225
0.608603 7.116569
0.610167 7.234185
0.611730 7.351063
0.613294 7.467195
0.614858 7.582570
0.616421 7.697180
0.617985 7.811014
0.619548 7.924064
0.621112 8.036322
0.622676 8.147778
0.624239 8.258424
0.625803 8.368251
0.627367 8.477252
0.628930 8.585418
0.630494 8.692742
0.632057 8.799215
0.633621 8.904830
0.635185 9.009580
0.636748 9.113456
0.638312 9.216452
0.639876 9.318560
0.641439 9.419772
0.643003 9.520081
0.644566 9.619480
0.646130 9.717960
0.647694 9.815514
0.649257 9.912133
0.650821 10.007808
0.652385 10.102528
0.653948 10.196284
0.655512 10.289062
0.657075 10.380848
0.658639 10.471624
0.660203 10.561370
0.661766 10.650057
0.663330 10.737651
0.664893 10.824104
0.666457 10.909348
0.668021 10.993287
0.669584 11.075772
0.671148 11.156569
0.672712 11.235275
0.674275 11.311157
0.675839 11.382752
0.677402 11.446838
0.678966 11.495945
0.680530 11.515714


0.000000 15.194475
0.001842 15.194192
0.003684 15.193345
0.005527 15.191933
0.007369 15.189954
0.009211 15.187409
0.011053 15.184295
0.012895 15.180611
0.014737 15.176356
0.016580 15.171527
0.018422 15.166123
0.020264 15.160143
0.022106 15.153583
0.023948 15.146443
0.025790 15.138721
0.027633 15.130416
0.029475 15.121525
0.031317 15.112049
0.033159 15.101987
0.035001 15.091339
0.036843 15.080105
0.038685 15.068285
0.040528 15.055880
0.042370 15.042893
0.044212 15.029325
0.046054 15.015179
0.047896 15.000458
0.049738 14.985165
0.051581 14.969304
0.053423 14.952880
0.055265 14.935898
0.057107 14.918364
0.058949 14.900284
0.060791 14.881664
0.062634 14.862512
0.064476 14.842835
0.066318 14.822642
0.068160 14.801940
0.070002 14.780739
0.071845 14.759048
0.073687 14.736877
0.075529 14.714236
0.077371 14.691136
0.079213 14.667588
0.081055 14.643602
0.082897 14.619189
0.084740 14.594362
0.086582 14.569132
0.088424 14.543510
0.090266 14.517507
0.092108 14.491134
0.093951 14.464403
0.095793 14.437323
0.097635 14.409904
0.099477 14.382155
0.101319 14.354083
0.103161 14.325693
0.105003 14.296991
0.106846 14.267978
0.108688 14.238654
0.110530 14.209016
0.112372 14.179057
0.114214 14.148766
0.116057 14.118127
0.117899 14.087119
0.119741 14.055716
0.121583 14.023882
0.123425 13.991577
0.125267 13.958751
0.127109 13.925345
0.128952 13.891292
0.130794 13.856516
0.132636 13.820934
0.134478 13.784453
0.136320 13.746979
0.138162 13.708413
0.140005 13.668656
0.141847 13.627615
0.143689 13.585204
0.145531 13.541347
0.147373 13.495982
0.149215 13.449065
0.151058 13.400566
0.152900 13.350474
0.154742 13.298796
0.156584 13.245553
0.158426 13.190783
0.160268 13.134541
0.162111 13.076895
0.163953 13.017935
0.165795 12.957775
0.167637 12.896565
0.169479 12.834505
0.171321 12.771881
0.173164 12.709119
0.175006 12.646894
0.176848 12.586338
0.178690 12.529460
0.180532 12.479937
0.182374 12.444183
0.184217 12.430725

0.184217 12.430725
0.185681 12.430449
0.187146 12.429619
0.188611 12.428238
0.190076 12.426303
0.191541 12.423817
0.193006 12.420781
0.194471 12.417196
0.195936 12.413065
0.197401 12.408393
0.198866 12.403186
0.200331 12.397449
0.201796 12.391191
0.203261 12.384421
0.204726 12.377151
0.206191 12.369392
0.207656 12.361157
0.209121 12.352460
0.210586 12.343316
0.212051 12.333741
0.213515 12.323751
0.214980 12.313363
0.216445 12.302594
0.217910 12.291460
0.219375 12.279981
0.220840 12.268175
0.222305 12.256059
0.223770 12.243651
0.225235 12.230972
0.226700 12.218039
0.228165 12.204870
0.229630 12.191486
0.231095 12.177905
0.232560 12.164145
0.234025 12.150227
0.235490 12.136170
0.236955 12.121993
0.238419 12.107716
0.239884 12.093358
0.241349 12.078940
0.242814 12.064482
0.244279 12.050004
0.245744 12.035526
0.247209 12.021070
0.248674 12.006656
0.250139 11.992305
0.251604 11.978039
0.253069 11.963878
0.254534 11.949846
0.255999 11.935963
0.257464 11.922252
0.258929 11.908734
0.260394 11.895433
0.261858 11.882368
0.263323 11.869564
0.264788 11.857042
0.266253 11.844823
0.267718 11.832930
0.269183 11.821383
0.270648 11.810204
0.272113 11.799413
0.273578 11.789030
0.275043 11.779074
0.276508 11.769563
0.277973 11.760515
0.279438 11.751946
0.280903 11.743871
0.282368 11.736305
0.283833 11.729259
0.285298 11.722744
0.286762 11.716770
0.288228 11.711343
0.289692 11.706471
0.291157 11.702154
0.292622 11.698396
0.294087 11.695195
0.295552 11.692547
0.297017 11.690448
0.298482 11.688889
0.299947 11.687859
0.301412 11.687346
0.302877 11.687335
0.304342 11.687807
0.305807 11.688744
0.307272 11.690123
0.308737 11.691919
0.310202 11.694106
0.311667 11.696656
0.313132 11.699540
0.314596 11.702725
0.316061 11.706178
0.317526 11.709866
0.318991 11.713753
0.320456 11.717804
0.321921 11.721981
0.323386 11.726249
0.324851 11.730571
0.326316 11.734909
0.327781 11.739229
0.329246 11.743495
0.330711 11.747672

0.330711 11.747672
0.332645 11.736824
0.334580 11.729181
0.336514 11.724980
0.338449 11.724430
0.340384 11.727711
0.342318 11.734967
0.344253 11.746308
0.346187 11.761798
0.348122 11.781464
0.350056 11.805290
0.351991 11.833219
0.353926 11.865153
0.355860 11.900961
0.357795 11.940479
0.359729 11.983517
0.361664 12.029860
0.363598 12.079279
0.365533 12.131531
0.367468 12.186365
0.369402 12.243528
0.371337 12.302766
0.373271 12.363830
0.375206 12.426476
0.377140 12.490468
0.379075 12.555582
0.381010 12.621601
0.382944 12.688322
0.384879 12.755553
0.386813 12.823115
0.388748 12.890838
0.390682 12.958568
0.392617 13.026158
0.394552 13.093475
0.396486 13.160394
0.398421 13.226801
0.400355 13.292591
0.402290 13.357668
0.404224 13.421944
0.406159 13.485339
0.408094 13.547781
0.410028 13.609204
0.411963 13.669548
0.413897 13.728760
0.415832 13.786793
0.417766 13.843605
0.419701 13.899160
0.421636 13.953426
0.423570 14.006377
0.425505 14.057991
0.427439 14.108250
0.429374 14.157142
0.431308 14.204659
0.433243 14.250796
0.435178 14.295554
0.437112 14.338936
0.439047 14.380951
0.440981 14.421610
0.442916 14.460930
0.444850 14.498928
0.446785 14.535627
0.448720 14.571051
0.450654 14.605226
0.452589 14.638181
0.454523 14.669945
0.456458 14.700549
0.458392 14.730022
0.460327 14.758396
0.462262 14.785699
0.464196 14.811961
0.466131 14.837209
0.468065 14.861468
0.470000 14.884762
0.471934 14.907113
0.473869 14.928541
0.475803 14.949064
0.477738 14.968698
0.479673 14.987457
0.481607 15.005355
0.483542 15.022402
0.485476 15.038608
0.487411 15.053981
0.489345 15.068530
0.491280 15.082261
0.493215 15.095179
0.495149 15.107290
0.497084 15.118598
0.499018 15.129108
0.500953 15.138824
0.502888 15.147748
0.504822 15.155885
0.506757 15.163238
0.508691 15.169808
0.510626 15.175600
0.512560 15.180614
0.514495 15.184853
0.516429 15.188319
0.518364 15.191013
0.520299 15.192936
0.522233 15.194090
0.524168 15.194475

0.524168 15.194475
0.525731 15.194174
0.527295 15.193271
0.528859 15.191766
0.530422 15.189658
0.531986 15.186947
0.533550 15.183631
0.535113 15.179711
0.536677 15.175185
0.538240 15.170052
0.539804 15.164309
0.541368 15.157957
0.542931 15.150992
0.544495 15.143413
0.546059 15.135219
0.547622 15.126405
0.549186 15.116972
0.550749 15.106915
0.552313 15.096232
0.553876 15.084920
0.555440 15.072977
0.557004 15.060399
0.558567 15.047183
0.560131 15.033325
0.561695 15.018822
0.563258 15.003671
0.564822 14.987868
0.566385 14.971408
0.567949 14.954288
0.569513 14.936504
0.571076 14.918051
0.572640 14.898925
0.574204 14.879122
0.575767 14.858637
0.577331 14.837466
0.578894 14.815604
0.580458 14.793046
0.582022 14.769786
0.583585 14.745822
0.585149 14.721146
0.586712 14.695755
0.588276 14.669643
0.589840 14.642806
0.591403 14.615237
0.592967 14.586931
0.594531 14.557884
0.596094 14.528090
0.597658 14.497544
0.599221 14.466240
0.600785 14.434173
0.602349 14.401337
0.603912 14.367728
0.605476 14.333340
0.607039 14.298167
0.608603 14.262205
0.610167 14.225447
0.611730 14.187889
0.613294 14.149526
0.614858 14.110352
0.616421 14.070362
0.617985 14.029552
0.619548 13.987915
0.621112 13.945448
0.622676 13.902145
0.624239 13.858002
0.625803 13.813014
0.627367 13.767177
0.628930 13.720486
0.630494 13.672937
0.632057 13.624526
0.633621 13.575250
0.635185 13.525104
0.636748 13.474085
0.638312 13.422191
0.639876 13.369418
0.641439 13.315763
0.643003 13.261225
0.644566 13.205803
0.646130 13.149494
0.647694 13.092299
0.649257 13.034217
0.650821 12.975250
0.652385 12.915401
0.653948 12.854673
0.655512 12.793072
0.657075 12.730606
0.658639 12.667287
0.660203 12.603129
0.661766 12.538156
0.663330 12.472397
0.664893 12.405896
0.666457 12.338716
0.668021 12.270950
0.669584 12.202742
0.671148 12.134326
0.672712 12.066100
0.674275 11.998794
0.675839 11.933873
0.677402 11.874555
0.678966 11.828308
0.680530 11.809493


0.000000 15.491131
0.001842 15.490829
0.003684 15.489923
0.005527 15.488412
0.007369 15.486299
0.009211 15.483582
0.011053 15.480264
0.012895 15.476345
0.014737 15.471827
0.016580 15.466712
0.018422 15.461001
0.020264 15.454696
0.022106 15.447801
0.023948 15.440316
0.025790 15.432246
0.027633 15.423593
0.029475 15.414361
0.031317 15.404554
0.033159 15.394175
0.035001 15.383229
0.036843 15.371720
0.038685 15.359654
0.040528 15.347036
0.042370 15.333872
0.044212 15.320168
0.046054 15.305930
0.047896 15.291165
0.049738 15.275881
0.051581 15.260085
0.053423 15.243785
0.055265 15.226991
0.057107 15.209712
0.058949 15.191957
0.060791 15.173736
0.062634 15.155060
0.064476 15.135941
0.066318 15.116389
0.068160 15.096419
0.070002 15.076042
0.071845 15.055272
0.073687 15.034123
0.075529 15.012610
0.077371 14.990749
0.079213 14.968555
0.081055 14.946045
0.082897 14.923237
0.084740 14.900148
0.086582 14.876797
0.088424 14.853203
0.090266 14.829387
0.092108 14.805368
0.093951 14.781168
0.095793 14.756810
0.097635 14.732315
0.099477 14.707707
0.101319 14.683010
0.103161 14.658249
0.105003 14.633448
0.106846 14.608633
0.108688 14.583831
0.110530 14.559068
0.112372 14.534372
0.114214 14.509771
0.116057 14.485293
0.117899 14.460967
0.119741 14.436823
0.121583 14.412890
0.123425 14.389197
0.125267 14.365777
0.127109 14.342657
0.128952 14.319871
0.130794 14.297448
0.132636 14.275419
0.134478 14.253815
0.136320 14.232667
0.138162 14.212006
0.140005 14.180011
0.141847 14.148020
0.143689 14.116943
0.145531 14.086896
0.147373 14.057980
0.149215 14.030281
0.151058 14.003872
0.152900 13.978809
0.154742 13.955135
0.156584 13.932879
0.158426 13.912062
0.160268 13.892695
0.162111 13.874783
0.163953 13.858327
0.165795 13.843324
0.167637 13.829770
0.169479 13.817661
0.171321 13.806991
0.173164 13.797754
0.175006 13.789946
0.176848 13.783564
0.178690 13.778603
0.180532 13.775062
0.182374 13.772938
0.184217 13.772230

0.184217 13.772230
0.185681 13.772490
0.187146 13.773269
0.188611 13.774558
0.190076 13.776348
0.191541 13.778621
0.193006 13.781361
0.194471 13.784545
0.195936 13.788152
0.197401 13.792158
0.198866 13.796540
0.200331 13.801273
0.201796 13.806337
0.203261 13.811708
0.204726 13.817367
0.206191 13.823295
0.207656 13.829472
0.209121 13.835882
0.210586 13.842509
0.212051 13.849338
0.213515 13.856354
0.214980 13.863544
0.216445 13.870893
0.217910 13.878390
0.219375 13.886021
0.220840 13.893775
0.222305 13.901640
0.223770 13.909604
0.225235 13.917656
0.226700 13.925784
0.228165 13.933979
0.229630 13.942229
0.231095 13.950523
0.232560 13.958851
0.234025 13.967203
0.235490 13.975568
0.236955 13.983938
0.238419 13.992302
0.239884 14.000650
0.241349 14.008974
0.242814 14.017263
0.244279 14.025509
0.245744 14.033702
0.247209 14.041834
0.248674 14.049897
0.250139 14.057881
0.251604 14.065777
0.253069 14.073578
0.254534 14.081276
0.255999 14.088862
0.257464 14.096328
0.258929 14.103667
0.260394 14.110870
0.261858 14.117930
0.263323 14.124839
0.264788 14.131590
0.266253 14.138176
0.267718 14.144589
0.269183 14.150823
0.270648 14.156869
0.272113 14.162723
0.273578 14.168375
0.275043 14.173821
0.276508 14.179054
0.277973 14.184067
0.279438 14.188853
0.280903 14.193408
0.282368 14.197726
0.283833 14.201799
0.285298 14.205624
0.286762 14.209194
0.288228 14.212505
0.289692 14.215552
0.291157 14.218330
0.292622 14.220834
0.294087 14.223061
0.295552 14.225006
0.297017 14.226666
0.298482 14.228038
0.299947 14.229119
0.301412 14.229906
0.302877 14.230398
0.304342 14.230592
0.305807 14.230487
0.307272 14.230083
0.308737 14.229381
0.310202 14.228380
0.311667 14.227084
0.313132 14.225494
0.314596 14.223614
0.316061 14.221449
0.317526 14.219006
0.318991 14.216292
0.320456 14.213316
0.321921 14.210085
0.323386 14.206609
0.324851 14.202897
0.326316 14.198955
0.327781 14.194788
0.329246 14.190398
0.330711 14.185783

0.330711 14.185783
0.332645 14.200116
0.334580 14.214742
0.336514 14.229651
0.338449 14.244833
0.340384 14.260278
0.342318 14.275973
0.344253 14.291910
0.346187 14.308078
0.348122 14.324119
0.350056 14.334639
0.351991 14.344929
0.353926 14.355008
0.355860 14.364902
0.357795 14.374633
0.359729 14.384227
0.361664 14.393710
0.363598 14.403108
0.365533 14.412449
0.367468 14.421759
0.369402 14.431066
0.371337 14.440399
0.373271 14.449784
0.375206 14.459249
0.377140 14.468820
0.379075 14.478525
0.381010 14.488389
0.382944 14.498437
0.384879 14.508694
0.386813 14.519182
0.388748 14.529924
0.390682 14.540941
0.392617 14.552251
0.394552 14.563874
0.396486 14.575826
0.398421 14.588122
0.400355 14.600775
0.402290 14.613797
0.404224 14.627197
0.406159 14.640985
0.408094 14.655165
0.410028 14.669743
0.411963 14.684720
0.413897 14.700096
0.415832 14.715870
0.417766 14.732038
0.419701 14.748594
0.421636 14.765528
0.423570 14.782831
0.425505 14.800489
0.427439 14.818487
0.429374 14.836807
0.431308 14.855429
0.433243 14.874329
0.435178 14.893481
0.437112 14.912858
0.439047 14.932429
0.440981 14.952160
0.442916 14.972016
0.444850 14.991960
0.446785 15.011951
0.448720 15.031949
0.450654 15.051911
0.452589 15.071795
0.454523 15.091558
0.456458 15.111155
0.458392 15.130546
0.460327 15.149688
0.462262 15.168542
0.464196 15.187069
0.466131 15.205235
0.468065 15.223006
0.470000 15.240350
0.471934 15.257240
0.473869 15.273650
0.475803 15.289556
0.477738 15.304939
0.479673 15.319779
0.481607 15.334061
0.483542 15.347770
0.485476 15.360895
0.487411 15.373424
0.489345 15.385349
0.491280 15.396662
0.493215 15.407356
0.495149 15.417426
0.497084 15.426865
0.499018 15.435670
0.500953 15.443836
0.502888 15.451361
0.504822 15.458242
0.506757 15.464475
0.508691 15.470058
0.510626 15.474989
0.512560 15.479267
0.514495 15.482889
0.516429 15.485855
0.518364 15.488163
0.520299 15.489812
0.522233 15.490801
0.524168 15.491131

0.524168 15.491131
0.525731 15.490955
0.527295 15.490428
0.528859 15.489549
0.530422 15.488320
0.531986 15.486742
0.533550 15.484815
0.535113 15.482541
0.536677 15.479923
0.538240 15.476961
0.539804 15.473659
0.541368 15.470018
0.542931 15.466042
0.544495 15.461735
0.546059 15.457098
0.547622 15.452136
0.549186 15.446854
0.550749 15.441254
0.552313 15.435342
0.553876 15.429122
0.555440 15.422599
0.557004 15.415778
0.558567 15.408666
0.560131 15.401267
0.561695 15.393588
0.563258 15.385635
0.564822 15.377415
0.566385 15.368934
0.567949 15.360199
0.569513 15.351218
0.571076 15.341998
0.572640 15.332547
0.574204 15.322873
0.575767 15.312984
0.577331 15.302889
0.578894 15.292596
0.580458 15.282114
0.582022 15.271453
0.583585 15.260621
0.585149 15.249629
0.586712 15.238486
0.588276 15.227202
0.589840 15.215787
0.591403 15.204252
0.592967 15.192607
0.594531 15.180863
0.596094 15.169031
0.597658 15.157122
0.599221 15.145147
0.600785 15.133117
0.602349 15.121044
0.603912 15.108940
0.605476 15.096817
0.607039 15.084685
0.608603 15.072558
0.610167 15.060447
0.611730 15.048365
0.613294 15.036323
0.614858 15.024334
0.616421 15.012410
0.617985 15.000563
0.619548 14.988807
0.621112 14.977153
0.622676 14.965613
0.624239 14.954200
0.625803 14.942927
0.627367 14.931805
0.628930 14.920846
0.630494 14.910063
0.632057 14.899468
0.633621 14.889072
0.635185 14.878887
0.636748 14.868925
0.638312 14.859197
0.639876 14.849715
0.641439 14.840488
0.643003 14.831528
0.644566 14.822846
0.646130 14.814452
0.647694 14.806355
0.649257 14.798566
0.650821 14.791093
0.652385 14.783946
0.653948 14.777134
0.655512 14.770664
0.657075 14.764545
0.658639 14.758784
0.660203 14.753388
0.661766 14.748364
0.663330 14.743719
0.664893 14.739457
0.666457 14.735585
0.668021 14.732108
0.669584 14.729029
0.671148 14.726352
0.672712 14.724082
0.674275 14.722220
0.675839 14.720770
0.677402 14.719732
0.678966 14.719110
0.680530 14.718902


0.000000 15.491131
0.001842 15.490978
0.003684 15.490516
0.005527 15.489747
0.007369 15.488670
0.009211 15.487282
0.011053 15.485583
0.012895 15.483572
0.014737 15.481244
0.016580 15.478599
0.018422 15.475632
0.020264 15.472341
0.022106 15.468720
0.023948 15.464766
0.025790 15.460473
0.027633 15.455835
0.029475 15.450845
0.031317 15.445497
0.033159 15.439783
0.035001 15.433695
0.036843 15.427223
0.038685 15.420358
0.040528 15.413091
0.042370 15.405409
0.044212 15.397303
0.046054 15.388760
0.047896 15.379769
0.049738 15.370316
0.051581 15.360390
0.053423 15.349976
0.055265 15.339061
0.057107 15.327632
0.058949 15.315675
0.060791 15.303176
0.062634 15.290121
0.064476 15.276496
0.066318 15.262286
0.068160 15.247479
0.070002 15.232061
0.071845 15.216019
0.073687 15.199339
0.075529 15.182009
0.077371 15.164017
0.079213 15.145352
0.081055 15.126003
0.082897 15.105959
0.084740 15.085211
0.086582 15.063752
0.088424 15.041574
0.090266 15.018670
0.092108 14.995036
0.093951 14.970669
0.095793 14.945568
0.097635 14.919732
0.099477 14.893163
0.101319 14.865868
0.103161 14.837852
0.105003 14.809126
0.106846 14.779704
0.108688 14.749602
0.110530 14.718844
0.112372 14.687454
0.114214 14.655464
0.116057 14.622912
0.117899 14.589841
0.119741 14.556303
0.121583 14.522357
0.123425 14.488071
0.125267 14.453522
0.127109 14.418798
0.128952 14.383993
0.130794 14.349216
0.132636 14.314582
0.134478 14.280213
0.136320 14.246240
0.138162 14.212795
0.140005 14.191863
0.141847 14.172266
0.143689 14.153247
0.145531 14.134835
0.147373 14.117059
0.149215 14.099946
0.151058 14.083526
0.152900 14.067824
0.154742 14.052867
0.156584 14.038680
0.158426 14.025287
0.160268 14.012711
0.162111 14.000974
0.163953 13.990096
0.165795 13.980097
0.167637 13.970995
0.169479 13.962805
0.171321 13.955543
0.173164 13.949223
0.175006 13.943854
0.176848 13.939449
0.178690 13.936013
0.180532 13.933555
0.182374 13.932078
0.184217 13.931586

0.184217 13.931586
0.185681 13.932005
0.187146 13.933261
0.188611 13.935347
0.190076 13.938252
0.191541 13.941961
0.193006 13.946453
0.194471 13.951704
0.195936 13.957686
0.197401 13.964365
0.198866 13.971705
0.200331 13.979664
0.201796 13.988199
0.203261 13.997265
0.204726 14.006813
0.206191 14.016794
0.207656 14.027159
0.209121 14.037858
0.210586 14.048841
0.212051 14.060060
0.213515 14.071469
0.214980 14.083021
0.216445 14.094672
0.217910 14.106381
0.219375 14.118109
0.220840 14.129818
0.222305 14.141472
0.223770 14.153039
0.225235 14.164488
0.226700 14.175790
0.228165 14.186919
0.229630 14.197849
0.231095 14.208558
0.232560 14.219026
0.234025 14.229233
0.235490 14.239161
0.236955 14.248794
0.238419 14.258119
0.239884 14.267122
0.241349 14.275791
0.242814 14.284116
0.244279 14.292088
0.245744 14.299698
0.247209 14.306939
0.248674 14.313806
0.250139 14.320292
0.251604 14.326395
0.253069 14.332111
0.254534 14.337436
0.255999 14.342370
0.257464 14.346912
0.258929 14.351060
0.260394 14.354816
0.261858 14.358181
0.263323 14.361157
0.264788 14.363745
0.266253 14.365948
0.267718 14.367772
0.269183 14.369218
0.270648 14.370293
0.272113 14.371000
0.273578 14.371347
0.275043 14.371339
0.276508 14.370983
0.277973 14.370286
0.279438 14.369256
0.280903 14.367901
0.282368 14.366230
0.283833 14.364252
0.285298 14.361977
0.286762 14.359416
0.288228 14.356578
0.289692 14.353475
0.291157 14.350118
0.292622 14.346521
0.294087 14.342694
0.295552 14.338652
0.297017 14.334408
0.298482 14.329975
0.299947 14.325369
0.301412 14.320604
0.302877 14.315694
0.304342 14.310657
0.305807 14.305506
0.307272 14.300260
0.308737 14.294932
0.310202 14.289541
0.311667 14.284102
0.313132 14.278631
0.314596 14.273144
0.316061 14.267657
0.317526 14.262184
0.318991 14.256741
0.320456 14.251341
0.321921 14.246000
0.323386 14.240733
0.324851 14.235555
0.326316 14.230486
0.327781 14.225547
0.329246 14.220762
0.330711 14.216159

0.330711 14.216159
0.332645 14.229487
0.334580 14.242463
0.336514 14.255090
0.338449 14.267376
0.340384 14.279332
0.342318 14.290970
0.344253 14.302302
0.346187 14.313346
0.348122 14.324464
0.350056 14.341059
0.351991 14.357852
0.353926 14.374831
0.355860 14.391986
0.357795 14.409305
0.359729 14.426778
0.361664 14.444392
0.363598 14.462138
0.365533 14.480003
0.367468 14.497977
0.369402 14.516048
0.371337 14.534206
0.373271 14.552440
0.375206 14.570738
0.377140 14.589090
0.379075 14.607484
0.381010 14.625910
0.382944 14.644357
0.384879 14.662814
0.386813 14.681272
0.388748 14.699719
0.390682 14.718144
0.392617 14.736539
0.394552 14.754892
0.396486 14.773193
0.398421 14.791433
0.400355 14.809602
0.402290 14.827690
0.404224 14.845687
0.406159 14.863584
0.408094 14.881372
0.410028 14.899041
0.411963 14.916584
0.413897 14.933989
0.415832 14.951250
0.417766 14.968358
0.419701 14.985304
0.421636 15.002079
0.423570 15.018676
0.425505 15.035087
0.427439 15.051305
0.429374 15.067321
0.431308 15.083128
0.433243 15.098718
0.435178 15.114086
0.437112 15.129223
0.439047 15.144123
0.440981 15.158780
0.442916 15.173187
0.444850 15.187337
0.446785 15.201225
0.448720 15.214845
0.450654 15.228191
0.452589 15.241257
0.454523 15.254037
0.456458 15.266528
0.458392 15.278722
0.460327 15.290617
0.462262 15.302205
0.464196 15.313484
0.466131 15.324449
0.468065 15.335094
0.470000 15.345417
0.471934 15.355413
0.473869 15.365078
0.475803 15.374408
0.477738 15.383401
0.479673 15.392052
0.481607 15.400358
0.483542 15.408316
0.485476 15.415924
0.487411 15.423178
0.489345 15.430076
0.491280 15.436615
0.493215 15.442793
0.495149 15.448608
0.497084 15.454057
0.499018 15.459139
0.500953 15.463852
0.502888 15.468193
0.504822 15.472163
0.506757 15.475758
0.508691 15.478979
0.510626 15.481823
0.512560 15.484290
0.514495 15.486379
0.516429 15.488089
0.518364 15.489420
0.520299 15.490370
0.522233 15.490941
0.524168 15.491131

0.524168 15.491131
0.525731 15.490955
0.527295 15.490428
0.528859 15.489549
0.530422 15.488320
0.531986 15.486742
0.533550 15.484815
0.535113 15.482541
0.536677 15.479923
0.538240 15.476961
0.539804 15.473659
0.541368 15.470018
0.542931 15.466042
0.544495 15.461735
0.546059 15.457098
0.547622 15.452136
0.549186 15.446854
0.550749 15.441254
0.552313 15.435342
0.553876 15.429122
0.555440 15.422599
0.557004 15.415778
0.558567 15.408666
0.560131 15.401267
0.561695 15.393588
0.563258 15.385635
0.564822 15.377415
0.566385 15.368934
0.567949 15.360199
0.569513 15.351218
0.571076 15.341998
0.572640 15.332547
0.574204 15.322873
0.575767 15.312984
0.577331 15.302889
0.578894 15.292596
0.580458 15.282114
0.582022 15.271453
0.583585 15.260621
0.585149 15.249629
0.586712 15.238486
0.588276 15.227202
0.589840 15.215787
0.591403 15.204252
0.592967 15.192607
0.594531 15.180863
0.596094 15.169031
0.597658 15.157122
0.599221 15.145147
0.600785 15.133117
0.602349 15.121044
0.603912 15.108940
0.605476 15.096817
0.607039 15.084685
0.608603 15.072558
0.610167 15.060447
0.611730 15.048365
0.613294 15.036323
0.614858 15.024334
0.616421 15.012410
0.617985 15.000563
0.619548 14.988807
0.621112 14.977153
0.622676 14.965613
0.624239 14.954200
0.625803 14.942927
0.627367 14.931805
0.628930 14.920846
0.630494 14.910063
0.632057 14.899468
0.633621 14.889072
0.635185 14.878887
0.636748 14.868925
0.638312 14.859197
0.639876 14.849715
0.641439 14.840488
0.643003 14.831528
0.644566 14.822846
0.646130 14.814452
0.647694 14.806355
0.649257 14.798566
0.650821 14.791093
0.652385 14.783946
0.653948 14.777134
0.655512 14.770664
0.657075 14.764545
0.658639 14.758784
0.660203 14.753388
0.661766 14.748364
0.663330 14.743719
0.664893 14.739457
0.666457 14.735585
0.668021 14.732108
0.669584 14.729029
0.671148 14.726352
0.672712 14.724082
0.674275 14.722220
0.675839 14.720770
0.677402 14.719732
0.678966 14.719110
0.680530 14.718902


