# End points of segments: 
#   0.00000000 0.18417580 0.33021240 0.52458850 0.68249840 
0.000000 -0.000000
0.001842 0.058139
0.003684 0.116271
0.005525 0.174390
0.007367 0.232487
0.009209 0.290556
0.011050 0.348590
0.012892 0.406582
0.014734 0.464525
0.016576 0.522412
0.018418 0.580237
0.020259 0.637991
0.022101 0.695667
0.023943 0.753260
0.025785 0.810762
0.027626 0.868165
0.029468 0.925463
0.031310 0.982648
0.033152 1.039714
0.034993 1.096652
0.036835 1.153457
0.038677 1.210120
0.040519 1.266635
0.042360 1.322993
0.044202 1.379187
0.046044 1.435211
0.047886 1.491055
0.049728 1.546713
0.051569 1.602176
0.053411 1.657437
0.055253 1.712486
0.057094 1.767317
0.058936 1.821920
0.060778 1.876286
0.062620 1.930407
0.064462 1.984274
0.066303 2.037878
0.068145 2.091207
0.069987 2.144254
0.071829 2.197008
0.073670 2.249457
0.075512 2.301592
0.077354 2.353401
0.079196 2.404873
0.081037 2.455995
0.082879 2.506756
0.084721 2.557143
0.086563 2.607143
0.088404 2.656741
0.090246 2.705925
0.092088 2.754679
0.093930 2.802989
0.095771 2.850838
0.097613 2.898211
0.099455 2.945091
0.101297 2.991461
0.103138 3.037304
0.104980 3.082600
0.106822 3.127331
0.108664 3.171478
0.110506 3.215021
0.112347 3.257939
0.114189 3.300211
0.116031 3.341816
0.117873 3.382731
0.119714 3.422933
0.121556 3.462401
0.123398 3.501109
0.125240 3.539035
0.127081 3.576153
0.128923 3.612440
0.130765 3.647869
0.132607 3.682416
0.134448 3.716055
0.136290 3.748760
0.138132 3.780506
0.139974 3.811267
0.141815 3.841017
0.143657 3.869730
0.145499 3.897382
0.147341 3.923945
0.149182 3.949397
0.151024 3.973712
0.152866 3.996867
0.154708 4.018838
0.156549 4.039603
0.158391 4.059140
0.160233 4.077427
0.162075 4.094446
0.163916 4.110177
0.165758 4.124602
0.167600 4.137706
0.169442 4.149473
0.171284 4.159888
0.173125 4.168941
0.174967 4.176619
0.176809 4.182914
0.178650 4.187818
0.180492 4.191325
0.182334 4.193432
0.184176 4.194134

0.184176 4.194134
0.185636 4.194965
0.187096 4.197459
0.188557 4.201617
0.190017 4.207438
0.191478 4.214918
0.192938 4.224049
0.194398 4.234806
0.195859 4.247151
0.197319 4.261014
0.198779 4.276278
0.200240 4.292766
0.201700 4.310261
0.203160 4.328568
0.204621 4.347585
0.206081 4.367273
0.207542 4.387610
0.209002 4.408560
0.210462 4.430071
0.211923 4.452079
0.213383 4.474512
0.214843 4.497292
0.216304 4.520339
0.217764 4.543567
0.219225 4.566894
0.220685 4.590231
0.222145 4.613493
0.223606 4.636593
0.225066 4.659443
0.226526 4.681958
0.227987 4.704050
0.229447 4.725635
0.230907 4.746627
0.232368 4.766943
0.233828 4.786502
0.235289 4.805222
0.236749 4.823024
0.238209 4.839832
0.239670 4.855571
0.241130 4.870169
0.242590 4.883557
0.244051 4.895670
0.245511 4.906444
0.246972 4.915821
0.248432 4.923746
0.249892 4.930170
0.251353 4.935046
0.252813 4.938335
0.254273 4.940000
0.255734 4.940014
0.257194 4.938353
0.258655 4.934998
0.260115 4.929940
0.261575 4.923175
0.263036 4.914704
0.264496 4.904537
0.265956 4.892691
0.267417 4.879188
0.268877 4.864060
0.270337 4.847344
0.271798 4.829084
0.273258 4.809330
0.274718 4.788141
0.276179 4.765580
0.277639 4.741718
0.279100 4.716632
0.280560 4.690403
0.282020 4.663120
0.283481 4.634875
0.284941 4.605766
0.286401 4.575897
0.287862 4.545374
0.289322 4.514310
0.290782 4.482818
0.292243 4.451019
0.293703 4.419034
0.295164 4.386989
0.296624 4.355011
0.298084 4.323230
0.299545 4.291779
0.301005 4.260790
0.302465 4.230400
0.303926 4.200742
0.305386 4.171954
0.306847 4.144170
0.308307 4.117526
0.309767 4.092155
0.311228 4.068189
0.312688 4.045756
0.314148 4.024984
0.315609 4.005992
0.317069 3.988900
0.318530 3.973818
0.319990 3.960852
0.321450 3.950101
0.322911 3.941657
0.324371 3.935602
0.325831 3.932010
0.327292 3.930946
0.328752 3.932464
0.330212 3.936610

0.330212 3.936610
0.332156 3.919942
0.334100 3.902763
0.336044 3.885072
0.337987 3.866869
0.339931 3.848152
0.341875 3.828919
0.343819 3.809172
0.345762 3.788907
0.347706 3.768126
0.349650 3.746826
0.351594 3.725008
0.353538 3.702671
0.355481 3.679814
0.357425 3.656437
0.359369 3.632540
0.361313 3.608122
0.363256 3.583183
0.365200 3.557724
0.367144 3.531744
0.369088 3.505244
0.371031 3.478223
0.372975 3.450684
0.374919 3.422625
0.376863 3.394048
0.378806 3.364953
0.380750 3.335342
0.382694 3.305216
0.384638 3.274575
0.386582 3.243422
0.388525 3.211757
0.390469 3.179583
0.392413 3.146902
0.394356 3.113715
0.396300 3.080024
0.398244 3.045833
0.400188 3.011143
0.402132 2.975957
0.404075 2.940278
0.406019 2.904109
0.407963 2.867453
0.409907 2.830314
0.411850 2.792694
0.413794 2.754599
0.415738 2.716031
0.417682 2.676995
0.419625 2.637495
0.421569 2.597536
0.423513 2.557121
0.425457 2.516256
0.427401 2.474946
0.429344 2.433196
0.431288 2.391012
0.433232 2.348398
0.435175 2.305360
0.437119 2.261905
0.439063 2.218039
0.441007 2.173767
0.442951 2.129096
0.444894 2.084033
0.446838 2.038584
0.448782 1.992756
0.450726 1.946557
0.452669 1.899993
0.454613 1.853072
0.456557 1.805802
0.458501 1.758190
0.460444 1.710244
0.462388 1.661972
0.464332 1.613383
0.466276 1.564485
0.468219 1.515285
0.470163 1.465794
0.472107 1.416019
0.474051 1.365969
0.475994 1.315654
0.477938 1.265083
0.479882 1.214264
0.481826 1.163208
0.483770 1.111923
0.485713 1.060420
0.487657 1.008707
0.489601 0.956796
0.491545 0.904695
0.493488 0.852416
0.495432 0.799967
0.497376 0.747358
0.499320 0.694602
0.501263 0.641707
0.503207 0.588683
0.505151 0.535543
0.507095 0.482295
0.509038 0.428950
0.510982 0.375520
0.512926 0.322014
0.514870 0.268444
0.516814 0.214820
0.518757 0.161153
0.520701 0.107453
0.522645 0.053732
0.524589 -0.000000

0.524589 -0.000000
0.526168 0.048737
0.527747 0.097465
0.529326 0.146177
0.530905 0.194865
0.532484 0.243519
0.534063 0.292132
0.535642 0.340696
0.537221 0.389201
0.538800 0.437640
0.540380 0.486005
0.541959 0.534286
0.543538 0.582476
0.545117 0.630566
0.546696 0.678547
0.548275 0.726411
0.549854 0.774149
0.551433 0.821752
0.553012 0.869211
0.554591 0.916518
0.556171 0.963663
0.557750 1.010638
0.559329 1.057434
0.560908 1.104040
0.562487 1.150449
0.564066 1.196649
0.565645 1.242633
0.567224 1.288391
0.568803 1.333912
0.570382 1.379188
0.571962 1.424207
0.573541 1.468961
0.575120 1.513439
0.576699 1.557631
0.578278 1.601528
0.579857 1.645117
0.581436 1.688390
0.583015 1.731334
0.584594 1.773941
0.586173 1.816199
0.587753 1.858097
0.589332 1.899624
0.590911 1.940769
0.592490 1.981521
0.594069 2.021869
0.595648 2.061801
0.597227 2.101306
0.598806 2.140373
0.600385 2.178989
0.601964 2.217144
0.603544 2.254825
0.605123 2.292020
0.606702 2.328719
0.608281 2.364908
0.609860 2.400577
0.611439 2.435712
0.613018 2.470303
0.614597 2.504336
0.616176 2.537801
0.617755 2.570685
0.619335 2.602975
0.620914 2.634661
0.622493 2.665730
0.624072 2.696170
0.625651 2.725969
0.627230 2.755115
0.628809 2.783598
0.630388 2.811404
0.631967 2.838524
0.633546 2.864944
0.635126 2.890655
0.636705 2.915645
0.638284 2.939902
0.639863 2.963417
0.641442 2.986178
0.643021 3.008176
0.644600 3.029400
0.646179 3.049841
0.647758 3.069488
0.649337 3.088332
0.650916 3.106365
0.652496 3.123577
0.654075 3.139960
0.655654 3.155506
0.657233 3.170207
0.658812 3.184056
0.660391 3.197045
0.661970 3.209169
0.663549 3.220420
0.665128 3.230794
0.666707 3.240283
0.668287 3.248885
0.669866 3.256593
0.671445 3.263404
0.673024 3.269314
0.674603 3.274321
0.676182 3.278421
0.677761 3.281612
0.679340 3.283892
0.680919 3.285261
0.682498 3.285718


0.000000 -0.000000
0.001842 0.062199
0.003684 0.124386
0.005525 0.186546
0.007367 0.248668
0.009209 0.310737
0.011050 0.372742
0.012892 0.434669
0.014734 0.496506
0.016576 0.558239
0.018418 0.619857
0.020259 0.681346
0.022101 0.742694
0.023943 0.803890
0.025785 0.864919
0.027626 0.925771
0.029468 0.986433
0.031310 1.046894
0.033152 1.107141
0.034993 1.167163
0.036835 1.226948
0.038677 1.286485
0.040519 1.345762
0.042360 1.404769
0.044202 1.463495
0.046044 1.521928
0.047886 1.580057
0.049728 1.637873
0.051569 1.695363
0.053411 1.752519
0.055253 1.809329
0.057094 1.865784
0.058936 1.921872
0.060778 1.977584
0.062620 2.032910
0.064462 2.087839
0.066303 2.142362
0.068145 2.196468
0.069987 2.250148
0.071829 2.303391
0.073670 2.356187
0.075512 2.408527
0.077354 2.460399
0.079196 2.511793
0.081037 2.562700
0.082879 2.613108
0.084721 2.663007
0.086563 2.712385
0.088404 2.761232
0.090246 2.809536
0.092088 2.857286
0.093930 2.904470
0.095771 2.951077
0.097613 2.997093
0.099455 3.042506
0.101297 3.087303
0.103138 3.131471
0.104980 3.174996
0.106822 3.217866
0.108664 3.260064
0.110506 3.301577
0.112347 3.342390
0.114189 3.382487
0.116031 3.421854
0.117873 3.460473
0.119714 3.498328
0.121556 3.535404
0.123398 3.571682
0.125240 3.607146
0.127081 3.641778
0.128923 3.675560
0.130765 3.708474
0.132607 3.740503
0.134448 3.771627
0.136290 3.801828
0.138132 3.831088
0.139974 3.859388
0.141815 3.886709
0.143657 3.913033
0.145499 3.938342
0.147341 3.962617
0.149182 3.985841
0.151024 4.007996
0.152866 4.029064
0.154708 4.049029
0.156549 4.067875
0.158391 4.085585
0.160233 4.102145
0.162075 4.117541
0.163916 4.131758
0.165758 4.144784
0.167600 4.156606
0.169442 4.167215
0.171284 4.176600
0.173125 4.184752
0.174967 4.191664
0.176809 4.197328
0.178650 4.201739
0.180492 4.204893
0.182334 4.206787
0.184176 4.207418

0.184176 4.207418
0.185636 4.208244
0.187096 4.210716
0.188557 4.214818
0.190017 4.220526
0.191478 4.227810
0.192938 4.236637
0.194398 4.246975
0.195859 4.258803
0.197319 4.272121
0.198779 4.286967
0.200240 4.303430
0.201700 4.321636
0.203160 4.341677
0.204621 4.363551
0.206081 4.387181
0.207542 4.412472
0.209002 4.439335
0.210462 4.467695
0.211923 4.497483
0.213383 4.528635
0.214843 4.561089
0.216304 4.594785
0.217764 4.629662
0.219225 4.665659
0.220685 4.702712
0.222145 4.740761
0.223606 4.779742
0.225066 4.819592
0.226526 4.860246
0.227987 4.901640
0.229447 4.943710
0.230907 4.986391
0.232368 5.029619
0.233828 5.073329
0.235289 5.117457
0.236749 5.161938
0.238209 5.206709
0.239670 5.251706
0.241130 5.296867
0.242590 5.342129
0.244051 5.387429
0.245511 5.432706
0.246972 5.477899
0.248432 5.522948
0.249892 5.567792
0.251353 5.612374
0.252813 5.656633
0.254273 5.700513
0.255734 5.743955
0.257194 5.786905
0.258655 5.829305
0.260115 5.871102
0.261575 5.912240
0.263036 5.952667
0.264496 5.992331
0.265956 6.031181
0.267417 6.069164
0.268877 6.106234
0.270337 6.142341
0.271798 6.177438
0.273258 6.211481
0.274718 6.244423
0.276179 6.276223
0.277639 6.306840
0.279100 6.336232
0.280560 6.364363
0.282020 6.391196
0.283481 6.416697
0.284941 6.440834
0.286401 6.463575
0.287862 6.484894
0.289322 6.504765
0.290782 6.523163
0.292243 6.540069
0.293703 6.555464
0.295164 6.569332
0.296624 6.581660
0.298084 6.592437
0.299545 6.601656
0.301005 6.609311
0.302465 6.615400
0.303926 6.619923
0.305386 6.622883
0.306847 6.624285
0.308307 6.624138
0.309767 6.622451
0.311228 6.619238
0.312688 6.614513
0.314148 6.608294
0.315609 6.600600
0.317069 6.591452
0.318530 6.580874
0.319990 6.568889
0.321450 6.555525
0.322911 6.540808
0.324371 6.524769
0.325831 6.507436
0.327292 6.488842
0.328752 6.469017
0.330212 6.447996

0.330212 6.447996
0.332156 6.510584
0.334100 6.568492
0.336044 6.621430
0.337987 6.669134
0.339931 6.711370
0.341875 6.747938
0.343819 6.778674
0.345762 6.803455
0.347706 6.822198
0.349650 6.834864
0.351594 6.841454
0.353538 6.842011
0.355481 6.836614
0.357425 6.825379
0.359369 6.808449
0.361313 6.785997
0.363256 6.758215
0.365200 6.725311
0.367144 6.687508
0.369088 6.645034
0.371031 6.598124
0.372975 6.547014
0.374919 6.491937
0.376863 6.433126
0.378806 6.370805
0.380750 6.305195
0.382694 6.236508
0.384638 6.164948
0.386582 6.090711
0.388525 6.013986
0.390469 5.934951
0.392413 5.853778
0.394356 5.770630
0.396300 5.685663
0.398244 5.599025
0.400188 5.510857
0.402132 5.421294
0.404075 5.330464
0.406019 5.238490
0.407963 5.145488
0.409907 5.051569
0.411850 4.956841
0.413794 4.861406
0.415738 4.765361
0.417682 4.668800
0.419625 4.571813
0.421569 4.474485
0.423513 4.376898
0.425457 4.279133
0.427401 4.181264
0.429344 4.083365
0.431288 3.985504
0.433232 3.887750
0.435175 3.790165
0.437119 3.692812
0.439063 3.595748
0.441007 3.499029
0.442951 3.402708
0.444894 3.306836
0.446838 3.211461
0.448782 3.116627
0.450726 3.022378
0.452669 2.928753
0.454613 2.835789
0.456557 2.743520
0.458501 2.651979
0.460444 2.561194
0.462388 2.471191
0.464332 2.381993
0.466276 2.293620
0.468219 2.206091
0.470163 2.119418
0.472107 2.033613
0.474051 1.948685
0.475994 1.864638
0.477938 1.781473
0.479882 1.699190
0.481826 1.617783
0.483770 1.537246
0.485713 1.457565
0.487657 1.378728
0.489601 1.300717
0.491545 1.223510
0.493488 1.147083
0.495432 1.071410
0.497376 0.996461
0.499320 0.922201
0.501263 0.848596
0.503207 0.775606
0.505151 0.703191
0.507095 0.631306
0.509038 0.559905
0.510982 0.488940
0.512926 0.418362
0.514870 0.348117
0.516814 0.278153
0.518757 0.208416
0.520701 0.138849
0.522645 0.069396
0.524589 -0.000000

0.524589 -0.000000
0.526168 0.048737
0.527747 0.097465
0.529326 0.146177
0.530905 0.194865
0.532484 0.243519
0.534063 0.292132
0.535642 0.340696
0.537221 0.389201
0.538800 0.437640
0.540380 0.486005
0.541959 0.534286
0.543538 0.582476
0.545117 0.630566
0.546696 0.678547
0.548275 0.726411
0.549854 0.774149
0.551433 0.821752
0.553012 0.869211
0.554591 0.916518
0.556171 0.963663
0.557750 1.010638
0.559329 1.057434
0.560908 1.104040
0.562487 1.150449
0.564066 1.196649
0.565645 1.242633
0.567224 1.288391
0.568803 1.333912
0.570382 1.379188
0.571962 1.424207
0.573541 1.468961
0.575120 1.513439
0.576699 1.557631
0.578278 1.601528
0.579857 1.645117
0.581436 1.688390
0.583015 1.731334
0.584594 1.773941
0.586173 1.816199
0.587753 1.858097
0.589332 1.899624
0.590911 1.940769
0.592490 1.981521
0.594069 2.021869
0.595648 2.061801
0.597227 2.101306
0.598806 2.140373
0.600385 2.178989
0.601964 2.217144
0.603544 2.254825
0.605123 2.292020
0.606702 2.328719
0.608281 2.364908
0.609860 2.400577
0.611439 2.435712
0.613018 2.470303
0.614597 2.504336
0.616176 2.537801
0.617755 2.570685
0.619335 2.602975
0.620914 2.634661
0.622493 2.665730
0.624072 2.696170
0.625651 2.725969
0.627230 2.755115
0.628809 2.783598
0.630388 2.811404
0.631967 2.838524
0.633546 2.864944
0.635126 2.890655
0.636705 2.915645
0.638284 2.939902
0.639863 2.963417
0.641442 2.986178
0.643021 3.008176
0.644600 3.029400
0.646179 3.049841
0.647758 3.069488
0.649337 3.088332
0.650916 3.106365
0.652496 3.123577
0.654075 3.139960
0.655654 3.155506
0.657233 3.170207
0.658812 3.184056
0.660391 3.197045
0.661970 3.209169
0.663549 3.220420
0.665128 3.230794
0.666707 3.240283
0.668287 3.248885
0.669866 3.256593
0.671445 3.263404
0.673024 3.269314
0.674603 3.274321
0.676182 3.278421
0.677761 3.281612
0.679340 3.283892
0.680919 3.285261
0.682498 3.285718


0.000000 0.000000
0.001842 0.147719
0.003684 0.295419
0.005525 0.443084
0.007367 0.590694
0.009209 0.738231
0.011050 0.885678
0.012892 1.033017
0.014734 1.180229
0.016576 1.327296
0.018418 1.474202
0.020259 1.620927
0.022101 1.767455
0.023943 1.913769
0.025785 2.059849
0.027626 2.205680
0.029468 2.351245
0.031310 2.496525
0.033152 2.641504
0.034993 2.786166
0.036835 2.930494
0.038677 3.074471
0.040519 3.218081
0.042360 3.361309
0.044202 3.504137
0.046044 3.646551
0.047886 3.788535
0.049728 3.930073
0.051569 4.071151
0.053411 4.211753
0.055253 4.351865
0.057094 4.491471
0.058936 4.630559
0.060778 4.769113
0.062620 4.907119
0.064462 5.044565
0.066303 5.181436
0.068145 5.317719
0.069987 5.453402
0.071829 5.588470
0.073670 5.722912
0.075512 5.856715
0.077354 5.989867
0.079196 6.122356
0.081037 6.254170
0.082879 6.385297
0.084721 6.515726
0.086563 6.645446
0.088404 6.774445
0.090246 6.902713
0.092088 7.030239
0.093930 7.157013
0.095771 7.283023
0.097613 7.408261
0.099455 7.532716
0.101297 7.656378
0.103138 7.779238
0.104980 7.901285
0.106822 8.022512
0.108664 8.142907
0.110506 8.262462
0.112347 8.381169
0.114189 8.499017
0.116031 8.615999
0.117873 8.732106
0.119714 8.847328
0.121556 8.961658
0.123398 9.075087
0.125240 9.187607
0.127081 9.299208
0.128923 9.409884
0.130765 9.519625
0.132607 9.628423
0.134448 9.736271
0.136290 9.843159
0.138132 9.949080
0.139974 10.054025
0.141815 10.157985
0.143657 10.260953
0.145499 10.362919
0.147341 10.463875
0.149182 10.563811
0.151024 10.662718
0.152866 10.760585
0.154708 10.857403
0.156549 10.953158
0.158391 11.047839
0.160233 11.141430
0.162075 11.233915
0.163916 11.325274
0.165758 11.415480
0.167600 11.504500
0.169442 11.592288
0.171284 11.678775
0.173125 11.763854
0.174967 11.847341
0.176809 11.928891
0.178650 12.007753
0.180492 12.081993
0.182334 12.145275
0.184176 12.175118

0.184176 12.175118
0.185636 12.173124
0.187096 12.167267
0.188557 12.157869
0.190017 12.145352
0.191478 12.130141
0.192938 12.112613
0.194398 12.093079
0.195859 12.071791
0.197319 12.048950
0.198779 12.024721
0.200240 11.999242
0.201700 11.972630
0.203160 11.944989
0.204621 11.916409
0.206081 11.886977
0.207542 11.856771
0.209002 11.825865
0.210462 11.794332
0.211923 11.762239
0.213383 11.729656
0.214843 11.696648
0.216304 11.663279
0.217764 11.629615
0.219225 11.595719
0.220685 11.561655
0.222145 11.527486
0.223606 11.493274
0.225066 11.459083
0.226526 11.424976
0.227987 11.391016
0.229447 11.357265
0.230907 11.323786
0.232368 11.290641
0.233828 11.257894
0.235289 11.225605
0.236749 11.193836
0.238209 11.162648
0.239670 11.132101
0.241130 11.102254
0.242590 11.073165
0.244051 11.044889
0.245511 11.017482
0.246972 10.990996
0.248432 10.965482
0.249892 10.940988
0.251353 10.917559
0.252813 10.895236
0.254273 10.874060
0.255734 10.854066
0.257194 10.835285
0.258655 10.817745
0.260115 10.801470
0.261575 10.786479
0.263036 10.772787
0.264496 10.760406
0.265956 10.749340
0.267417 10.739593
0.268877 10.731162
0.270337 10.724038
0.271798 10.718213
0.273258 10.713670
0.274718 10.710390
0.276179 10.708352
0.277639 10.707529
0.279100 10.707893
0.280560 10.709411
0.282020 10.712051
0.283481 10.715776
0.284941 10.720548
0.286401 10.726326
0.287862 10.733070
0.289322 10.740739
0.290782 10.749287
0.292243 10.758674
0.293703 10.768854
0.295164 10.779784
0.296624 10.791420
0.298084 10.803718
0.299545 10.816636
0.301005 10.830131
0.302465 10.844161
0.303926 10.858685
0.305386 10.873662
0.306847 10.889053
0.308307 10.904821
0.309767 10.920926
0.311228 10.937333
0.312688 10.954006
0.314148 10.970911
0.315609 10.988014
0.317069 11.005284
0.318530 11.022688
0.319990 11.040196
0.321450 11.057778
0.322911 11.075406
0.324371 11.093052
0.325831 11.110689
0.327292 11.128290
0.328752 11.145829
0.330212 11.163282

0.330212 11.163282
0.332156 11.110675
0.334100 11.057264
0.336044 11.003055
0.337987 10.948051
0.339931 10.892252
0.341875 10.835659
0.343819 10.778268
0.345762 10.720073
0.347706 10.661069
0.349650 10.601245
0.351594 10.540592
0.353538 10.479096
0.355481 10.416742
0.357425 10.353515
0.359369 10.289395
0.361313 10.224363
0.363256 10.158396
0.365200 10.091472
0.367144 10.023565
0.369088 9.954648
0.371031 9.884695
0.372975 9.813677
0.374919 9.741565
0.376863 9.668327
0.378806 9.593934
0.380750 9.518355
0.382694 9.441557
0.384638 9.363509
0.386582 9.284181
0.388525 9.203540
0.390469 9.121557
0.392413 9.038201
0.394356 8.953444
0.396300 8.867257
0.398244 8.779612
0.400188 8.690485
0.402132 8.599850
0.404075 8.507683
0.406019 8.413964
0.407963 8.318672
0.409907 8.221789
0.411850 8.123298
0.413794 8.023184
0.415738 7.921435
0.417682 7.818039
0.419625 7.712987
0.421569 7.606271
0.423513 7.497888
0.425457 7.387834
0.427401 7.276106
0.429344 7.162707
0.431288 7.047639
0.433232 6.930906
0.435175 6.812516
0.437119 6.692475
0.439063 6.570796
0.441007 6.447489
0.442951 6.322568
0.444894 6.196050
0.446838 6.067950
0.448782 5.938289
0.450726 5.807086
0.452669 5.674363
0.454613 5.540145
0.456557 5.404454
0.458501 5.267319
0.460444 5.128766
0.462388 4.988824
0.464332 4.847523
0.466276 4.704895
0.468219 4.560971
0.470163 4.415786
0.472107 4.269374
0.474051 4.121770
0.475994 3.973012
0.477938 3.823135
0.479882 3.672179
0.481826 3.520182
0.483770 3.367185
0.485713 3.213228
0.487657 3.058352
0.489601 2.902599
0.491545 2.746012
0.493488 2.588635
0.495432 2.430510
0.497376 2.271682
0.499320 2.112196
0.501263 1.952097
0.503207 1.791430
0.505151 1.630242
0.507095 1.468579
0.509038 1.306487
0.510982 1.144014
0.512926 0.981206
0.514870 0.818111
0.516814 0.654777
0.518757 0.491250
0.520701 0.327580
0.522645 0.163814
0.524589 0.000000

0.524589 0.000000
0.526168 0.139634
0.527747 0.279253
0.529326 0.418841
0.530905 0.558383
0.532484 0.697862
0.534063 0.837264
0.535642 0.976572
0.537221 1.115772
0.538800 1.254848
0.540380 1.393785
0.541959 1.532567
0.543538 1.671179
0.545117 1.809606
0.546696 1.947832
0.548275 2.085843
0.549854 2.223623
0.551433 2.361157
0.553012 2.498430
0.554591 2.635428
0.556171 2.772134
0.557750 2.908536
0.559329 3.044617
0.560908 3.180363
0.562487 3.315760
0.564066 3.450793
0.565645 3.585448
0.567224 3.719710
0.568803 3.853566
0.570382 3.987001
0.571962 4.120001
0.573541 4.252553
0.575120 4.384642
0.576699 4.516255
0.578278 4.647378
0.579857 4.777999
0.581436 4.908103
0.583015 5.037677
0.584594 5.166709
0.586173 5.295185
0.587753 5.423092
0.589332 5.550418
0.590911 5.677151
0.592490 5.803277
0.594069 5.928785
0.595648 6.053662
0.597227 6.177896
0.598806 6.301475
0.600385 6.424388
0.601964 6.546622
0.603544 6.668166
0.605123 6.789010
0.606702 6.909140
0.608281 7.028546
0.609860 7.147218
0.611439 7.265143
0.613018 7.382311
0.614597 7.498712
0.616176 7.614333
0.617755 7.729166
0.619335 7.843198
0.620914 7.956420
0.622493 8.068820
0.624072 8.180388
0.625651 8.291113
0.627230 8.400985
0.628809 8.509993
0.630388 8.618124
0.631967 8.725369
0.633546 8.831716
0.635126 8.937152
0.636705 9.041665
0.638284 9.145243
0.639863 9.247870
0.641442 9.349534
0.643021 9.450218
0.644600 9.549904
0.646179 9.648575
0.647758 9.746209
0.649337 9.842783
0.650916 9.938270
0.652496 10.032640
0.654075 10.125855
0.655654 10.217874
0.657233 10.308645
0.658812 10.398106
0.660391 10.486179
0.661970 10.572768
0.663549 10.657751
0.665128 10.740967
0.666707 10.822210
0.668287 10.901198
0.669866 10.977555
0.671445 11.050755
0.673024 11.120069
0.674603 11.184461
0.676182 11.242478
0.677761 11.292124
0.679340 11.330834
0.680919 11.355726
0.682498 11.364353


0.000000 15.297713
0.001842 15.297441
0.003684 15.296623
0.005525 15.295259
0.007367 15.293348
0.009209 15.290887
0.011050 15.287874
0.012892 15.284307
0.014734 15.280182
0.016576 15.275496
0.018418 15.270246
0.020259 15.264428
0.022101 15.258040
0.023943 15.251079
0.025785 15.243542
0.027626 15.235428
0.029468 15.226734
0.031310 15.217460
0.033152 15.207605
0.034993 15.197169
0.036835 15.186152
0.038677 15.174557
0.040519 15.162384
0.042360 15.149637
0.044202 15.136318
0.046044 15.122431
0.047886 15.107980
0.049728 15.092970
0.051569 15.077407
0.053411 15.061295
0.055253 15.044642
0.057094 15.027454
0.058936 15.009738
0.060778 14.991503
0.062620 14.972757
0.064462 14.953507
0.066303 14.933765
0.068145 14.913538
0.069987 14.892838
0.071829 14.871675
0.073670 14.850059
0.075512 14.828001
0.077354 14.805514
0.079196 14.782609
0.081037 14.759298
0.082879 14.735593
0.084721 14.711507
0.086563 14.687051
0.088404 14.662239
0.090246 14.637081
0.092088 14.611590
0.093930 14.585777
0.095771 14.559652
0.097613 14.533223
0.099455 14.506499
0.101297 14.479485
0.103138 14.452185
0.104980 14.424598
0.106822 14.396722
0.108664 14.368548
0.110506 14.340063
0.112347 14.311245
0.114189 14.282065
0.116031 14.252484
0.117873 14.222450
0.119714 14.191898
0.121556 14.160747
0.123398 14.128901
0.125240 14.096244
0.127081 14.062648
0.128923 14.027971
0.130765 13.992065
0.132607 13.954782
0.134448 13.915986
0.136290 13.875562
0.138132 13.833421
0.139974 13.789508
0.141815 13.743796
0.143657 13.696288
0.145499 13.647009
0.147341 13.595998
0.149182 13.543304
0.151024 13.488981
0.152866 13.433083
0.154708 13.375663
0.156549 13.316770
0.158391 13.256452
0.160233 13.194754
0.162075 13.131720
0.163916 13.067392
0.165758 13.001815
0.167600 12.935038
0.169442 12.867122
0.171284 12.798147
0.173125 12.728228
0.174967 12.657557
0.176809 12.586486
0.178650 12.515768
0.180492 12.447344
0.182334 12.387550
0.184176 12.358871

0.184176 12.358871
0.185636 12.359623
0.187096 12.361763
0.188557 12.364980
0.190017 12.368879
0.191478 12.373067
0.192938 12.377211
0.194398 12.381049
0.195859 12.384389
0.197319 12.387093
0.198779 12.389070
0.200240 12.390257
0.201700 12.390619
0.203160 12.390139
0.204621 12.388814
0.206081 12.386651
0.207542 12.383664
0.209002 12.379875
0.210462 12.375307
0.211923 12.369990
0.213383 12.363953
0.214843 12.357227
0.216304 12.349847
0.217764 12.341843
0.219225 12.333251
0.220685 12.324102
0.222145 12.314430
0.223606 12.304266
0.225066 12.293644
0.226526 12.282593
0.227987 12.271145
0.229447 12.259330
0.230907 12.247176
0.232368 12.234714
0.233828 12.221971
0.235289 12.208974
0.236749 12.195752
0.238209 12.182330
0.239670 12.168736
0.241130 12.154994
0.242590 12.141132
0.244051 12.127173
0.245511 12.113143
0.246972 12.099068
0.248432 12.084971
0.249892 12.070877
0.251353 12.056812
0.252813 12.042797
0.254273 12.028859
0.255734 12.015021
0.257194 12.001306
0.258655 11.987740
0.260115 11.974344
0.261575 11.961142
0.263036 11.948158
0.264496 11.935415
0.265956 11.922934
0.267417 11.910739
0.268877 11.898850
0.270337 11.887290
0.271798 11.876079
0.273258 11.865237
0.274718 11.854783
0.276179 11.844735
0.277639 11.835112
0.279100 11.825929
0.280560 11.817201
0.282020 11.808942
0.283481 11.801166
0.284941 11.793882
0.286401 11.787099
0.287862 11.780826
0.289322 11.775068
0.290782 11.769828
0.292243 11.765109
0.293703 11.760908
0.295164 11.757224
0.296624 11.754052
0.298084 11.751383
0.299545 11.749208
0.301005 11.747514
0.302465 11.746287
0.303926 11.745510
0.305386 11.745163
0.306847 11.745224
0.308307 11.745669
0.309767 11.746472
0.311228 11.747604
0.312688 11.749036
0.314148 11.750734
0.315609 11.752664
0.317069 11.754792
0.318530 11.757080
0.319990 11.759489
0.321450 11.761982
0.322911 11.764517
0.324371 11.767053
0.325831 11.769551
0.327292 11.771968
0.328752 11.774263
0.330212 11.776394

0.330212 11.776394
0.332156 11.771693
0.334100 11.769952
0.336044 11.771369
0.337987 11.776126
0.339931 11.784382
0.341875 11.796266
0.343819 11.811877
0.345762 11.831281
0.347706 11.854506
0.349650 11.881546
0.351594 11.912355
0.353538 11.946854
0.355481 11.984928
0.357425 12.026436
0.359369 12.071208
0.361313 12.119053
0.363256 12.169764
0.365200 12.223121
0.367144 12.278894
0.369088 12.336850
0.371031 12.396755
0.372975 12.458377
0.374919 12.521488
0.376863 12.585869
0.378806 12.651305
0.380750 12.717594
0.382694 12.784543
0.384638 12.851970
0.386582 12.919703
0.388525 12.987581
0.390469 13.055454
0.392413 13.123183
0.394356 13.190639
0.396300 13.257703
0.398244 13.324263
0.400188 13.390219
0.402132 13.455478
0.404075 13.519954
0.406019 13.583570
0.407963 13.646256
0.409907 13.707947
0.411850 13.768586
0.413794 13.828119
0.415738 13.886502
0.417682 13.943691
0.419625 13.999651
0.421569 14.054349
0.423513 14.107756
0.425457 14.159850
0.427401 14.210610
0.429344 14.260020
0.431288 14.308067
0.433232 14.354741
0.435175 14.400038
0.437119 14.443955
0.439063 14.486492
0.441007 14.527655
0.442951 14.567450
0.444894 14.605889
0.446838 14.642987
0.448782 14.678761
0.450726 14.713233
0.452669 14.746425
0.454613 14.778365
0.456557 14.809081
0.458501 14.838606
0.460444 14.866970
0.462388 14.894209
0.464332 14.920354
0.466276 14.945440
0.468219 14.969500
0.470163 14.992563
0.472107 15.014659
0.474051 15.035815
0.475994 15.056056
0.477938 15.075403
0.479882 15.093876
0.481826 15.111493
0.483770 15.128267
0.485713 15.144212
0.487657 15.159337
0.489601 15.173652
0.491545 15.187163
0.493488 15.199878
0.495432 15.211801
0.497376 15.222936
0.499320 15.233288
0.501263 15.242860
0.503207 15.251654
0.505151 15.259673
0.507095 15.266919
0.509038 15.273396
0.510982 15.279105
0.512926 15.284048
0.514870 15.288227
0.516814 15.291644
0.518757 15.294300
0.520701 15.296197
0.522645 15.297334
0.524589 15.297713

0.524589 15.297713
0.526168 15.297412
0.527747 15.296509
0.529326 15.295003
0.530905 15.292894
0.532484 15.290181
0.534063 15.286864
0.535642 15.282942
0.537221 15.278413
0.538800 15.273277
0.540380 15.267532
0.541959 15.261176
0.543538 15.254208
0.545117 15.246626
0.546696 15.238428
0.548275 15.229612
0.549854 15.220174
0.551433 15.210114
0.553012 15.199427
0.554591 15.188112
0.556171 15.176166
0.557750 15.163585
0.559329 15.150366
0.560908 15.136506
0.562487 15.122002
0.564066 15.106850
0.565645 15.091046
0.567224 15.074586
0.568803 15.057468
0.570382 15.039685
0.571962 15.021236
0.573541 15.002115
0.575120 14.982317
0.576699 14.961840
0.578278 14.940678
0.579857 14.918827
0.581436 14.896281
0.583015 14.873038
0.584594 14.849091
0.586173 14.824437
0.587753 14.799069
0.589332 14.772985
0.590911 14.746178
0.592490 14.718643
0.594069 14.690377
0.595648 14.661374
0.597227 14.631629
0.598806 14.601137
0.600385 14.569893
0.601964 14.537894
0.603544 14.505133
0.605123 14.471606
0.606702 14.437308
0.608281 14.402235
0.609860 14.366383
0.611439 14.329746
0.613018 14.292321
0.614597 14.254103
0.616176 14.215089
0.617755 14.175274
0.619335 14.134656
0.620914 14.093229
0.622493 14.050992
0.624072 14.007942
0.625651 13.964075
0.627230 13.919390
0.628809 13.873885
0.630388 13.827557
0.631967 13.780408
0.633546 13.732435
0.635126 13.683640
0.636705 13.634024
0.638284 13.583588
0.639863 13.532336
0.641442 13.480272
0.643021 13.427402
0.644600 13.373733
0.646179 13.319275
0.647758 13.264040
0.649337 13.208041
0.650916 13.151299
0.652496 13.093836
0.654075 13.035680
0.655654 12.976866
0.657233 12.917440
0.658812 12.857458
0.660391 12.796989
0.661970 12.736126
0.663549 12.674986
0.665128 12.613722
0.666707 12.552539
0.668287 12.491712
0.669866 12.431616
0.671445 12.372770
0.673024 12.315904
0.674603 12.262048
0.676182 12.212655
0.677761 12.169718
0.679340 12.135802
0.680919 12.113786
0.682498 12.106118


0.000000 15.448994
0.001842 15.448689
0.003684 15.447777
0.005525 15.446256
0.007367 15.444128
0.009209 15.441393
0.011050 15.438053
0.012892 15.434108
0.014734 15.429560
0.016576 15.424410
0.018418 15.418660
0.020259 15.412313
0.022101 15.405371
0.023943 15.397836
0.025785 15.389711
0.027626 15.381000
0.029468 15.371706
0.031310 15.361833
0.033152 15.351384
0.034993 15.340365
0.036835 15.328779
0.038677 15.316633
0.040519 15.303930
0.042360 15.290678
0.044202 15.276882
0.046044 15.262549
0.047886 15.247685
0.049728 15.232299
0.051569 15.216398
0.053411 15.199990
0.055253 15.183084
0.057094 15.165690
0.058936 15.147817
0.060778 15.129475
0.062620 15.110675
0.064462 15.091429
0.066303 15.071748
0.068145 15.051646
0.069987 15.031134
0.071829 15.010227
0.073670 14.988938
0.075512 14.967283
0.077354 14.945278
0.079196 14.922938
0.081037 14.900280
0.082879 14.877321
0.084721 14.854080
0.086563 14.830575
0.088404 14.806826
0.090246 14.782853
0.092088 14.758677
0.093930 14.734318
0.095771 14.709800
0.097613 14.685144
0.099455 14.660374
0.101297 14.635515
0.103138 14.610591
0.104980 14.585627
0.106822 14.560649
0.108664 14.535684
0.110506 14.510758
0.112347 14.485900
0.114189 14.461137
0.116031 14.436498
0.117873 14.412012
0.119714 14.387709
0.121556 14.363618
0.123398 14.339770
0.125240 14.316194
0.127081 14.292922
0.128923 14.269985
0.130765 14.247414
0.132607 14.225239
0.134448 14.203492
0.136290 14.176840
0.138132 14.146502
0.139974 14.117357
0.141815 14.089463
0.143657 14.062848
0.145499 14.037520
0.147341 14.013470
0.149182 13.990683
0.151024 13.969137
0.152866 13.948811
0.154708 13.929685
0.156549 13.911741
0.158391 13.894968
0.160233 13.879353
0.162075 13.864891
0.163916 13.851578
0.165758 13.839411
0.167600 13.828392
0.169442 13.818520
0.171284 13.809800
0.173125 13.802233
0.174967 13.795823
0.176809 13.790573
0.178650 13.786487
0.180492 13.783566
0.182334 13.781813
0.184176 13.781229

0.184176 13.781229
0.185636 13.781530
0.187096 13.782431
0.188557 13.783924
0.190017 13.785994
0.191478 13.788624
0.192938 13.791790
0.194398 13.795468
0.195859 13.799628
0.197319 13.804242
0.198779 13.809279
0.200240 13.814710
0.201700 13.820504
0.203160 13.826634
0.204621 13.833073
0.206081 13.839796
0.207542 13.846779
0.209002 13.854001
0.210462 13.861440
0.211923 13.869079
0.213383 13.876899
0.214843 13.884884
0.216304 13.893017
0.217764 13.901284
0.219225 13.909670
0.220685 13.918162
0.222145 13.926746
0.223606 13.935409
0.225066 13.944140
0.226526 13.952925
0.227987 13.961754
0.229447 13.970615
0.230907 13.979496
0.232368 13.988388
0.233828 13.997279
0.235289 14.006159
0.236749 14.015018
0.238209 14.023846
0.239670 14.032633
0.241130 14.041370
0.242590 14.050048
0.244051 14.058657
0.245511 14.067189
0.246972 14.075634
0.248432 14.083984
0.249892 14.092229
0.251353 14.100362
0.252813 14.108374
0.254273 14.116257
0.255734 14.124001
0.257194 14.131598
0.258655 14.139041
0.260115 14.146320
0.261575 14.153427
0.263036 14.160353
0.264496 14.167089
0.265956 14.173626
0.267417 14.179954
0.268877 14.186064
0.270337 14.191945
0.271798 14.197586
0.273258 14.202976
0.274718 14.208101
0.276179 14.212948
0.277639 14.217502
0.279100 14.221744
0.280560 14.225657
0.282020 14.229218
0.283481 14.232402
0.284941 14.235183
0.286401 14.237529
0.287862 14.239407
0.289322 14.240785
0.290782 14.241630
0.292243 14.241913
0.293703 14.241616
0.295164 14.240733
0.296624 14.239269
0.298084 14.237249
0.299545 14.234706
0.301005 14.231683
0.302465 14.228230
0.303926 14.224394
0.305386 14.220225
0.306847 14.215768
0.308307 14.211065
0.309767 14.206156
0.311228 14.201077
0.312688 14.195861
0.314148 14.190539
0.315609 14.185141
0.317069 14.179694
0.318530 14.174225
0.319990 14.168759
0.321450 14.163320
0.322911 14.157933
0.324371 14.152620
0.325831 14.147403
0.327292 14.142302
0.328752 14.137340
0.330212 14.132534

0.330212 14.132534
0.332156 14.146848
0.334100 14.161458
0.336044 14.176354
0.337987 14.191525
0.339931 14.206962
0.341875 14.222653
0.343819 14.238589
0.345762 14.254758
0.347706 14.271151
0.349650 14.287756
0.351594 14.304563
0.353538 14.321560
0.355481 14.338737
0.357425 14.356082
0.359369 14.373586
0.361313 14.391236
0.363256 14.409022
0.365200 14.426933
0.367144 14.443385
0.369088 14.451910
0.371031 14.460420
0.372975 14.468943
0.374919 14.477509
0.376863 14.486144
0.378806 14.494878
0.380750 14.503736
0.382694 14.512745
0.384638 14.521931
0.386582 14.531317
0.388525 14.540927
0.390469 14.550783
0.392413 14.560904
0.394356 14.571312
0.396300 14.582021
0.398244 14.593050
0.400188 14.604411
0.402132 14.616118
0.404075 14.628181
0.406019 14.640608
0.407963 14.653407
0.409907 14.666583
0.411850 14.680138
0.413794 14.694075
0.415738 14.708391
0.417682 14.723086
0.419625 14.738154
0.421569 14.753589
0.423513 14.769384
0.425457 14.785527
0.427401 14.802008
0.429344 14.818812
0.431288 14.835924
0.433232 14.853327
0.435175 14.871002
0.437119 14.888926
0.439063 14.907078
0.441007 14.925430
0.442951 14.943956
0.444894 14.962625
0.446838 14.981406
0.448782 15.000263
0.450726 15.019161
0.452669 15.038061
0.454613 15.056922
0.456557 15.075703
0.458501 15.094359
0.460444 15.112849
0.462388 15.131127
0.464332 15.149151
0.466276 15.166880
0.468219 15.184272
0.470163 15.201289
0.472107 15.217896
0.474051 15.234059
0.475994 15.249750
0.477938 15.264942
0.479882 15.279610
0.481826 15.293735
0.483770 15.307298
0.485713 15.320286
0.487657 15.332684
0.489601 15.344484
0.491545 15.355675
0.493488 15.366252
0.495432 15.376207
0.497376 15.385537
0.499320 15.394238
0.501263 15.402305
0.503207 15.409737
0.505151 15.416531
0.507095 15.422684
0.509038 15.428195
0.510982 15.433063
0.512926 15.437285
0.514870 15.440860
0.516814 15.443786
0.518757 15.446064
0.520701 15.447691
0.522645 15.448668
0.524589 15.448994

0.524589 15.448994
0.526168 15.448822
0.527747 15.448309
0.529326 15.447454
0.530905 15.446257
0.532484 15.444720
0.534063 15.442845
0.535642 15.440631
0.537221 15.438082
0.538800 15.435199
0.540380 15.431984
0.541959 15.428441
0.543538 15.424571
0.545117 15.420378
0.546696 15.415865
0.548275 15.411036
0.549854 15.405894
0.551433 15.400444
0.553012 15.394690
0.554591 15.388637
0.556171 15.382289
0.557750 15.375652
0.559329 15.368731
0.560908 15.361532
0.562487 15.354060
0.564066 15.346323
0.565645 15.338325
0.567224 15.330074
0.568803 15.321577
0.570382 15.312841
0.571962 15.303873
0.573541 15.294680
0.575120 15.285271
0.576699 15.275654
0.578278 15.265837
0.579857 15.255828
0.581436 15.245636
0.583015 15.235271
0.584594 15.224740
0.586173 15.214054
0.587753 15.203222
0.589332 15.192254
0.590911 15.181160
0.592490 15.169950
0.594069 15.158633
0.595648 15.147222
0.597227 15.135725
0.598806 15.124155
0.600385 15.112521
0.601964 15.100836
0.603544 15.089109
0.605123 15.077353
0.606702 15.065579
0.608281 15.053799
0.609860 15.042024
0.611439 15.030265
0.613018 15.018535
0.614597 15.006845
0.616176 14.995208
0.617755 14.983635
0.619335 14.972139
0.620914 14.960730
0.622493 14.949422
0.624072 14.938226
0.625651 14.927154
0.627230 14.916218
0.628809 14.905429
0.630388 14.894801
0.631967 14.884343
0.633546 14.874068
0.635126 14.863988
0.636705 14.854113
0.638284 14.844455
0.639863 14.835024
0.641442 14.825832
0.643021 14.816889
0.644600 14.808205
0.646179 14.799791
0.647758 14.791656
0.649337 14.783810
0.650916 14.776263
0.652496 14.769023
0.654075 14.762098
0.655654 14.755499
0.657233 14.749231
0.658812 14.743304
0.660391 14.737723
0.661970 14.732497
0.663549 14.727632
0.665128 14.723133
0.666707 14.719006
0.668287 14.715256
0.669866 14.711888
0.671445 14.708907
0.673024 14.706315
0.674603 14.704116
0.676182 14.702314
0.677761 14.700910
0.679340 14.699905
0.680919 14.699302
0.682498 14.699101


0.000000 15.448994
0.001842 15.448830
0.003684 15.448341
0.005525 15.447526
0.007367 15.446384
0.009209 15.444916
0.011050 15.443121
0.012892 15.440999
0.014734 15.438549
0.016576 15.435769
0.018418 15.432658
0.020259 15.429214
0.022101 15.425433
0.023943 15.421313
0.025785 15.416848
0.027626 15.412035
0.029468 15.406865
0.031310 15.401334
0.033152 15.395433
0.034993 15.389153
0.036835 15.382486
0.038677 15.375421
0.040519 15.367947
0.042360 15.360053
0.044202 15.351726
0.046044 15.342955
0.047886 15.333724
0.049728 15.324022
0.051569 15.313833
0.053411 15.303144
0.055253 15.291939
0.057094 15.280203
0.058936 15.267922
0.060778 15.255079
0.062620 15.241661
0.064462 15.227651
0.066303 15.213035
0.068145 15.197798
0.069987 15.181924
0.071829 15.165399
0.073670 15.148209
0.075512 15.130340
0.077354 15.111780
0.079196 15.092514
0.081037 15.072531
0.082879 15.051819
0.084721 15.030368
0.086563 15.008169
0.088404 14.985212
0.090246 14.961490
0.092088 14.936998
0.093930 14.911732
0.095771 14.885689
0.097613 14.858869
0.099455 14.831275
0.101297 14.802912
0.103138 14.773790
0.104980 14.743921
0.106822 14.713325
0.108664 14.682025
0.110506 14.650052
0.112347 14.617445
0.114189 14.584254
0.116031 14.550536
0.117873 14.516367
0.119714 14.481833
0.121556 14.447038
0.123398 14.412104
0.125240 14.377170
0.127081 14.342393
0.128923 14.307941
0.130765 14.273990
0.132607 14.240716
0.134448 14.208284
0.136290 14.182204
0.138132 14.161406
0.139974 14.141128
0.141815 14.121402
0.143657 14.102256
0.145499 14.083721
0.147341 14.065826
0.149182 14.048599
0.151024 14.032069
0.152866 14.016262
0.154708 14.001205
0.156549 13.986923
0.158391 13.973440
0.160233 13.960779
0.162075 13.948963
0.163916 13.938012
0.165758 13.927946
0.167600 13.918782
0.169442 13.910537
0.171284 13.903226
0.173125 13.896863
0.174967 13.891459
0.176809 13.887023
0.178650 13.883564
0.180492 13.881090
0.182334 13.879603
0.184176 13.879107

0.184176 13.879107
0.185636 13.879478
0.187096 13.880592
0.188557 13.882443
0.190017 13.885027
0.191478 13.888334
0.192938 13.892352
0.194398 13.897066
0.195859 13.902459
0.197319 13.908507
0.198779 13.915185
0.200240 13.922463
0.201700 13.930308
0.203160 13.938684
0.204621 13.947551
0.206081 13.956868
0.207542 13.966592
0.209002 13.976677
0.210462 13.987079
0.211923 13.997751
0.213383 14.008650
0.214843 14.019730
0.216304 14.030949
0.217764 14.042266
0.219225 14.053639
0.220685 14.065031
0.222145 14.076406
0.223606 14.087730
0.225066 14.098970
0.226526 14.110096
0.227987 14.121081
0.229447 14.131898
0.230907 14.142522
0.232368 14.152932
0.233828 14.163107
0.235289 14.173028
0.236749 14.182677
0.238209 14.192039
0.239670 14.201100
0.241130 14.209846
0.242590 14.218267
0.244051 14.226352
0.245511 14.234092
0.246972 14.241479
0.248432 14.248507
0.249892 14.255170
0.251353 14.261462
0.252813 14.267381
0.254273 14.272924
0.255734 14.278089
0.257194 14.282876
0.258655 14.287283
0.260115 14.291313
0.261575 14.294967
0.263036 14.298247
0.264496 14.301158
0.265956 14.303705
0.267417 14.305892
0.268877 14.307727
0.270337 14.309218
0.271798 14.310374
0.273258 14.311205
0.274718 14.311725
0.276179 14.311947
0.277639 14.311888
0.279100 14.311567
0.280560 14.311005
0.282020 14.310227
0.283481 14.309261
0.284941 14.308140
0.286401 14.306898
0.287862 14.305574
0.289322 14.304209
0.290782 14.302842
0.292243 14.301508
0.293703 14.300236
0.295164 14.299042
0.296624 14.297929
0.298084 14.296885
0.299545 14.295887
0.301005 14.294906
0.302465 14.293907
0.303926 14.292854
0.305386 14.291715
0.306847 14.290461
0.308307 14.289065
0.309767 14.287507
0.311228 14.285770
0.312688 14.283840
0.314148 14.281706
0.315609 14.279360
0.317069 14.276798
0.318530 14.274016
0.319990 14.271013
0.321450 14.267789
0.322911 14.264346
0.324371 14.260688
0.325831 14.256819
0.327292 14.252747
0.328752 14.248479
0.330212 14.244023

0.330212 14.244023
0.332156 14.257458
0.334100 14.270490
0.336044 14.283125
0.337987 14.295370
0.339931 14.307236
0.341875 14.318733
0.343819 14.329877
0.345762 14.340683
0.347706 14.351169
0.349650 14.361355
0.351594 14.371262
0.353538 14.380912
0.355481 14.390329
0.357425 14.399537
0.359369 14.408563
0.361313 14.417433
0.363256 14.426175
0.365200 14.434816
0.367144 14.444957
0.369088 14.463084
0.371031 14.481302
0.372975 14.499601
0.374919 14.517969
0.376863 14.536396
0.378806 14.554872
0.380750 14.573384
0.382694 14.591922
0.384638 14.610476
0.386582 14.629035
0.388525 14.647589
0.390469 14.666127
0.392413 14.684638
0.394356 14.703113
0.396300 14.721542
0.398244 14.739914
0.400188 14.758219
0.402132 14.776448
0.404075 14.794591
0.406019 14.812638
0.407963 14.830580
0.409907 14.848408
0.411850 14.866113
0.413794 14.883685
0.415738 14.901116
0.417682 14.918396
0.419625 14.935519
0.421569 14.952473
0.423513 14.969253
0.425457 14.985849
0.427401 15.002254
0.429344 15.018459
0.431288 15.034457
0.433232 15.050241
0.435175 15.065803
0.437119 15.081136
0.439063 15.096233
0.441007 15.111087
0.442951 15.125691
0.444894 15.140039
0.446838 15.154125
0.448782 15.167942
0.450726 15.181485
0.452669 15.194746
0.454613 15.207721
0.456557 15.220405
0.458501 15.232791
0.460444 15.244874
0.462388 15.256650
0.464332 15.268113
0.466276 15.279260
0.468219 15.290084
0.470163 15.300582
0.472107 15.310749
0.474051 15.320582
0.475994 15.330076
0.477938 15.339228
0.479882 15.348034
0.481826 15.356490
0.483770 15.364594
0.485713 15.372341
0.487657 15.379730
0.489601 15.386756
0.491545 15.393419
0.493488 15.399714
0.495432 15.405639
0.497376 15.411193
0.499320 15.416373
0.501263 15.421177
0.503207 15.425603
0.505151 15.429650
0.507095 15.433316
0.509038 15.436600
0.510982 15.439500
0.512926 15.442016
0.514870 15.444146
0.516814 15.445890
0.518757 15.447248
0.520701 15.448217
0.522645 15.448800
0.524589 15.448994

0.524589 15.448994
0.526168 15.448822
0.527747 15.448309
0.529326 15.447454
0.530905 15.446257
0.532484 15.444720
0.534063 15.442845
0.535642 15.440631
0.537221 15.438082
0.538800 15.435199
0.540380 15.431984
0.541959 15.428441
0.543538 15.424571
0.545117 15.420378
0.546696 15.415865
0.548275 15.411036
0.549854 15.405894
0.551433 15.400444
0.553012 15.394690
0.554591 15.388637
0.556171 15.382289
0.557750 15.375652
0.559329 15.368731
0.560908 15.361532
0.562487 15.354060
0.564066 15.346323
0.565645 15.338325
0.567224 15.330074
0.568803 15.321577
0.570382 15.312841
0.571962 15.303873
0.573541 15.294680
0.575120 15.285271
0.576699 15.275654
0.578278 15.265837
0.579857 15.255828
0.581436 15.245636
0.583015 15.235271
0.584594 15.224740
0.586173 15.214054
0.587753 15.203222
0.589332 15.192254
0.590911 15.181160
0.592490 15.169950
0.594069 15.158633
0.595648 15.147222
0.597227 15.135725
0.598806 15.124155
0.600385 15.112521
0.601964 15.100836
0.603544 15.089109
0.605123 15.077353
0.606702 15.065579
0.608281 15.053799
0.609860 15.042024
0.611439 15.030265
0.613018 15.018535
0.614597 15.006845
0.616176 14.995208
0.617755 14.983635
0.619335 14.972139
0.620914 14.960730
0.622493 14.949422
0.624072 14.938226
0.625651 14.927154
0.627230 14.916218
0.628809 14.905429
0.630388 14.894801
0.631967 14.884343
0.633546 14.874068
0.635126 14.863988
0.636705 14.854113
0.638284 14.844455
0.639863 14.835024
0.641442 14.825832
0.643021 14.816889
0.644600 14.808205
0.646179 14.799791
0.647758 14.791656
0.649337 14.783810
0.650916 14.776263
0.652496 14.769023
0.654075 14.762098
0.655654 14.755499
0.657233 14.749231
0.658812 14.743304
0.660391 14.737723
0.661970 14.732497
0.663549 14.727632
0.665128 14.723133
0.666707 14.719006
0.668287 14.715256
0.669866 14.711888
0.671445 14.708907
0.673024 14.706315
0.674603 14.704116
0.676182 14.702314
0.677761 14.700910
0.679340 14.699905
0.680919 14.699302
0.682498 14.699101


