# End points of segments: 
#   0.00000000 0.18416430 0.32993300 0.52487880 0.68373240 
0.000000 -0.000000
0.001842 0.058017
0.003683 0.116028
0.005525 0.174025
0.007367 0.232002
0.009208 0.289952
0.011050 0.347869
0.012892 0.405746
0.014733 0.463576
0.016575 0.521352
0.018416 0.579068
0.020258 0.636717
0.022100 0.694293
0.023941 0.751788
0.025783 0.809196
0.027625 0.866509
0.029466 0.923722
0.031308 0.980828
0.033150 1.037818
0.034991 1.094687
0.036833 1.151428
0.038675 1.208032
0.040516 1.264494
0.042358 1.320806
0.044199 1.376961
0.046041 1.432951
0.047883 1.488769
0.049724 1.544407
0.051566 1.599858
0.053408 1.655113
0.055249 1.710165
0.057091 1.765005
0.058933 1.819626
0.060774 1.874017
0.062616 1.928171
0.064458 1.982079
0.066299 2.035730
0.068141 2.089116
0.069982 2.142227
0.071824 2.195052
0.073666 2.247582
0.075507 2.299804
0.077349 2.351708
0.079191 2.403283
0.081032 2.454516
0.082874 2.505395
0.084716 2.555907
0.086557 2.606039
0.088399 2.655776
0.090241 2.705106
0.092082 2.754012
0.093924 2.802481
0.095765 2.850495
0.097607 2.898038
0.099449 2.945094
0.101290 2.991646
0.103132 3.037674
0.104974 3.083161
0.106815 3.128088
0.108657 3.172434
0.110499 3.216179
0.112340 3.259302
0.114182 3.301782
0.116024 3.343597
0.117865 3.384725
0.119707 3.425141
0.121548 3.464824
0.123390 3.503747
0.125232 3.541889
0.127073 3.579222
0.128915 3.615723
0.130757 3.651365
0.132598 3.686124
0.134440 3.719972
0.136282 3.752884
0.138123 3.784833
0.139965 3.815794
0.141807 3.845739
0.143648 3.874644
0.145490 3.902482
0.147331 3.929226
0.149173 3.954853
0.151015 3.979337
0.152856 4.002654
0.154698 4.024781
0.156540 4.045693
0.158381 4.065370
0.160223 4.083790
0.162065 4.100932
0.163906 4.116778
0.165748 4.131309
0.167590 4.144510
0.169431 4.156363
0.171273 4.166856
0.173114 4.175976
0.174956 4.183712
0.176798 4.190054
0.178639 4.194995
0.180481 4.198529
0.182323 4.200651
0.184164 4.201358

0.184164 4.201358
0.185622 4.202194
0.187080 4.204701
0.188537 4.208881
0.189995 4.214730
0.191453 4.222233
0.192910 4.231347
0.194368 4.241972
0.195826 4.253920
0.197284 4.267001
0.198741 4.281152
0.200199 4.296370
0.201656 4.312630
0.203114 4.329885
0.204572 4.348071
0.206030 4.367120
0.207487 4.386954
0.208945 4.407497
0.210403 4.428665
0.211860 4.450377
0.213318 4.472549
0.214776 4.495094
0.216233 4.517926
0.217691 4.540958
0.219149 4.564103
0.220606 4.587272
0.222064 4.610378
0.223522 4.633333
0.224979 4.656049
0.226437 4.678438
0.227895 4.700413
0.229353 4.721890
0.230810 4.742782
0.232268 4.763006
0.233726 4.782479
0.235183 4.801119
0.236641 4.818849
0.238099 4.835589
0.239556 4.851267
0.241014 4.865808
0.242472 4.879143
0.243929 4.891207
0.245387 4.901935
0.246845 4.911270
0.248303 4.919155
0.249760 4.925541
0.251218 4.930381
0.252676 4.933634
0.254133 4.935266
0.255591 4.935246
0.257049 4.933550
0.258506 4.930162
0.259964 4.925070
0.261422 4.918269
0.262879 4.909763
0.264337 4.899559
0.265795 4.887675
0.267252 4.874134
0.268710 4.858966
0.270168 4.842208
0.271626 4.823905
0.273083 4.804108
0.274541 4.782874
0.275999 4.760268
0.277456 4.736360
0.278914 4.711227
0.280372 4.684952
0.281829 4.657621
0.283287 4.629329
0.284745 4.600174
0.286202 4.570259
0.287660 4.539692
0.289118 4.508583
0.290575 4.477049
0.292033 4.445208
0.293491 4.413184
0.294949 4.381102
0.296406 4.349088
0.297864 4.317275
0.299322 4.285793
0.300779 4.254778
0.302237 4.224363
0.303695 4.194684
0.305152 4.165878
0.306610 4.138081
0.308068 4.111426
0.309525 4.086049
0.310983 4.062081
0.312441 4.039651
0.313898 4.018884
0.315356 3.999905
0.316814 3.982828
0.318271 3.967768
0.319729 3.954829
0.321187 3.944110
0.322645 3.935702
0.324102 3.929690
0.325560 3.926147
0.327018 3.925137
0.328475 3.926715
0.329933 3.930926

0.329933 3.930926
0.331882 3.914051
0.333832 3.896663
0.335781 3.878762
0.337731 3.860348
0.339680 3.841418
0.341630 3.821974
0.343579 3.802014
0.345529 3.781537
0.347478 3.760545
0.349428 3.739035
0.351377 3.717008
0.353326 3.694463
0.355276 3.671401
0.357225 3.647821
0.359175 3.623723
0.361124 3.599108
0.363074 3.573975
0.365023 3.548325
0.366973 3.522158
0.368922 3.495476
0.370872 3.468277
0.372821 3.440564
0.374771 3.412337
0.376720 3.383597
0.378669 3.354346
0.380619 3.324583
0.382568 3.294311
0.384518 3.263532
0.386467 3.232246
0.388417 3.200456
0.390366 3.168164
0.392316 3.135371
0.394265 3.102080
0.396215 3.068294
0.398164 3.034014
0.400114 2.999243
0.402063 2.963985
0.404012 2.928242
0.405962 2.892018
0.407911 2.855315
0.409861 2.818138
0.411810 2.780490
0.413760 2.742374
0.415709 2.703795
0.417659 2.664757
0.419608 2.625264
0.421557 2.585321
0.423507 2.544932
0.425456 2.504102
0.427406 2.462837
0.429355 2.421141
0.431305 2.379020
0.433254 2.336479
0.435204 2.293523
0.437153 2.250160
0.439103 2.206394
0.441052 2.162233
0.443002 2.117681
0.444951 2.072747
0.446900 2.027436
0.448850 1.981755
0.450799 1.935711
0.452749 1.889312
0.454698 1.842565
0.456648 1.795477
0.458597 1.748056
0.460547 1.700309
0.462496 1.652244
0.464446 1.603871
0.466395 1.555195
0.468344 1.506227
0.470294 1.456974
0.472243 1.407445
0.474193 1.357648
0.476142 1.307593
0.478092 1.257289
0.480041 1.206744
0.481991 1.155967
0.483940 1.104968
0.485890 1.053756
0.487839 1.002342
0.489789 0.950733
0.491738 0.898940
0.493688 0.846973
0.495637 0.794841
0.497586 0.742555
0.499536 0.690124
0.501485 0.637559
0.503435 0.584868
0.505384 0.532064
0.507334 0.479156
0.509283 0.426153
0.511233 0.373067
0.513182 0.319908
0.515131 0.266686
0.517081 0.213412
0.519030 0.160096
0.520980 0.106748
0.522929 0.053379
0.524879 -0.000000

0.524879 -0.000000
0.526467 0.048135
0.528056 0.096262
0.529644 0.144372
0.531233 0.192458
0.532821 0.240511
0.534410 0.288523
0.535999 0.336486
0.537587 0.384391
0.539176 0.432230
0.540764 0.479995
0.542353 0.527678
0.543941 0.575269
0.545530 0.622761
0.547118 0.670145
0.548707 0.717412
0.550295 0.764554
0.551884 0.811562
0.553473 0.858427
0.555061 0.905141
0.556650 0.951694
0.558238 0.998078
0.559827 1.044284
0.561415 1.090301
0.563004 1.136123
0.564592 1.181738
0.566181 1.227137
0.567769 1.272312
0.569358 1.317252
0.570946 1.361949
0.572535 1.406391
0.574123 1.450569
0.575712 1.494474
0.577300 1.538095
0.578889 1.581422
0.580478 1.624445
0.582066 1.667154
0.583655 1.709538
0.585243 1.751586
0.586832 1.793288
0.588420 1.834634
0.590009 1.875612
0.591597 1.916211
0.593186 1.956421
0.594774 1.996230
0.596363 2.035627
0.597951 2.074601
0.599540 2.113141
0.601128 2.151235
0.602717 2.188872
0.604306 2.226039
0.605894 2.262727
0.607483 2.298922
0.609071 2.334614
0.610660 2.369790
0.612248 2.404439
0.613837 2.438548
0.615425 2.472107
0.617014 2.505103
0.618602 2.537525
0.620191 2.569361
0.621780 2.600598
0.623368 2.631226
0.624957 2.661233
0.626545 2.690606
0.628134 2.719335
0.629722 2.747408
0.631311 2.774814
0.632899 2.801541
0.634488 2.827578
0.636076 2.852914
0.637665 2.877539
0.639253 2.901441
0.640842 2.924610
0.642431 2.947036
0.644019 2.968709
0.645608 2.989619
0.647196 3.009755
0.648785 3.029110
0.650373 3.047673
0.651962 3.065435
0.653550 3.082389
0.655139 3.098526
0.656727 3.113838
0.658316 3.128317
0.659904 3.141957
0.661493 3.154749
0.663081 3.166689
0.664670 3.177769
0.666258 3.187985
0.667847 3.197330
0.669436 3.205800
0.671024 3.213390
0.672613 3.220097
0.674201 3.225917
0.675790 3.230847
0.677378 3.234884
0.678967 3.238026
0.680555 3.240271
0.682144 3.241619
0.683732 3.242069


0.000000 -0.000000
0.001842 0.062273
0.003683 0.124534
0.005525 0.186767
0.007367 0.248962
0.009208 0.311104
0.011050 0.373180
0.012892 0.435177
0.014733 0.497083
0.016575 0.558885
0.018416 0.620569
0.020258 0.682123
0.022100 0.743535
0.023941 0.804792
0.025783 0.865881
0.027625 0.926790
0.029466 0.987507
0.031308 1.048020
0.033150 1.108317
0.034991 1.168386
0.036833 1.228216
0.038675 1.287795
0.040516 1.347111
0.042358 1.406154
0.044199 1.464912
0.046041 1.523374
0.047883 1.581529
0.049724 1.639368
0.051566 1.696878
0.053408 1.754049
0.055249 1.810872
0.057091 1.867335
0.058933 1.923429
0.060774 1.979143
0.062616 2.034467
0.064458 2.089391
0.066299 2.143905
0.068141 2.197999
0.069982 2.251662
0.071824 2.304886
0.073666 2.357660
0.075507 2.409973
0.077349 2.461815
0.079191 2.513177
0.081032 2.564047
0.082874 2.614416
0.084716 2.664273
0.086557 2.713606
0.088399 2.762405
0.090241 2.810658
0.092082 2.858355
0.093924 2.905484
0.095765 2.952032
0.097607 2.997988
0.099449 3.043338
0.101290 3.088071
0.103132 3.132173
0.104974 3.175631
0.106815 3.218431
0.108657 3.260559
0.110499 3.302001
0.112340 3.342741
0.114182 3.382765
0.116024 3.422057
0.117865 3.460602
0.119707 3.498383
0.121548 3.535383
0.123390 3.571586
0.125232 3.606976
0.127073 3.641533
0.128915 3.675242
0.130757 3.708083
0.132598 3.740039
0.134440 3.771092
0.136282 3.801223
0.138123 3.830415
0.139965 3.858647
0.141807 3.885903
0.143648 3.912163
0.145490 3.937410
0.147331 3.961626
0.149173 3.984792
0.151015 4.006891
0.152856 4.027906
0.154698 4.047821
0.156540 4.066618
0.158381 4.084283
0.160223 4.100801
0.162065 4.116156
0.163906 4.130336
0.165748 4.143329
0.167590 4.155121
0.169431 4.165702
0.171273 4.175062
0.173114 4.183193
0.174956 4.190086
0.176798 4.195735
0.178639 4.200135
0.180481 4.203280
0.182323 4.205169
0.184164 4.205799

0.184164 4.205799
0.185622 4.206615
0.187080 4.209060
0.188537 4.213118
0.189995 4.218767
0.191453 4.225989
0.192910 4.234782
0.194368 4.245195
0.195826 4.257354
0.197284 4.271378
0.198741 4.287253
0.200199 4.304895
0.201656 4.324237
0.203114 4.345224
0.204572 4.367813
0.206030 4.391961
0.207487 4.417626
0.208945 4.444761
0.210403 4.473322
0.211860 4.503257
0.213318 4.534516
0.214776 4.567046
0.216233 4.600790
0.217691 4.635692
0.219149 4.671693
0.220606 4.708733
0.222064 4.746751
0.223522 4.785686
0.224979 4.825475
0.226437 4.866055
0.227895 4.907361
0.229353 4.949331
0.230810 4.991900
0.232268 5.035003
0.233726 5.078578
0.235183 5.122561
0.236641 5.166886
0.238099 5.211492
0.239556 5.256315
0.241014 5.301293
0.242472 5.346363
0.243929 5.391464
0.245387 5.436535
0.246845 5.481515
0.248303 5.526344
0.249760 5.570963
0.251218 5.615313
0.252676 5.659336
0.254133 5.702975
0.255591 5.746173
0.257049 5.788874
0.258506 5.831023
0.259964 5.872566
0.261422 5.913450
0.262879 5.953621
0.264337 5.993028
0.265795 6.031620
0.267252 6.069347
0.268710 6.106162
0.270168 6.142015
0.271626 6.176862
0.273083 6.210656
0.274541 6.243355
0.275999 6.274916
0.277456 6.305298
0.278914 6.334463
0.280372 6.362372
0.281829 6.388991
0.283287 6.414285
0.284745 6.438223
0.286202 6.460776
0.287660 6.481915
0.289118 6.501616
0.290575 6.519856
0.292033 6.536615
0.293491 6.551874
0.294949 6.565617
0.296406 6.577834
0.297864 6.588512
0.299322 6.597644
0.300779 6.605227
0.302237 6.611256
0.303695 6.615732
0.305152 6.618659
0.306610 6.620041
0.308068 6.619887
0.309525 6.618206
0.310983 6.615012
0.312441 6.610319
0.313898 6.604145
0.315356 6.596507
0.316814 6.587427
0.318271 6.576928
0.319729 6.565034
0.321187 6.551771
0.322645 6.537166
0.324102 6.521248
0.325560 6.504046
0.327018 6.485591
0.328475 6.465915
0.329933 6.445050

0.329933 6.445050
0.331882 6.507165
0.333832 6.564619
0.335781 6.617126
0.337731 6.664428
0.339680 6.706295
0.341630 6.742530
0.343579 6.772972
0.345529 6.797502
0.347478 6.816037
0.349428 6.828539
0.351377 6.835008
0.353326 6.835485
0.355276 6.830048
0.357225 6.818806
0.359175 6.801902
0.361124 6.779502
0.363074 6.751793
0.365023 6.718980
0.366973 6.681280
0.368922 6.638918
0.370872 6.592125
0.372821 6.541131
0.374771 6.486170
0.376720 6.427468
0.378669 6.365249
0.380619 6.299733
0.382568 6.231128
0.384518 6.159638
0.386467 6.085460
0.388417 6.008780
0.390366 5.929778
0.392316 5.848624
0.394265 5.765482
0.396215 5.680509
0.398164 5.593853
0.400114 5.505655
0.402063 5.416051
0.404012 5.325170
0.405962 5.233135
0.407911 5.140063
0.409861 5.046067
0.411810 4.951255
0.413760 4.855729
0.415709 4.759588
0.417659 4.662926
0.419608 4.565834
0.421557 4.468399
0.423507 4.370703
0.425456 4.272827
0.427406 4.174847
0.429355 4.076837
0.431305 3.978868
0.433254 3.881006
0.435204 3.783317
0.437153 3.685862
0.439103 3.588701
0.441052 3.491891
0.443002 3.395484
0.444951 3.299533
0.446900 3.204085
0.448850 3.109188
0.450799 3.014883
0.452749 2.921211
0.454698 2.828211
0.456648 2.735916
0.458597 2.644361
0.460547 2.553572
0.462496 2.463579
0.464446 2.374403
0.466395 2.286066
0.468344 2.198586
0.470294 2.111977
0.472243 2.026250
0.474193 1.941415
0.476142 1.857475
0.478092 1.774434
0.480041 1.692290
0.481991 1.611038
0.483940 1.530671
0.485890 1.451177
0.487839 1.372542
0.489789 1.294748
0.491738 1.217774
0.493688 1.141595
0.495637 1.066184
0.497586 0.991511
0.499536 0.917542
0.501485 0.844241
0.503435 0.771567
0.505384 0.699479
0.507334 0.627933
0.509283 0.556880
0.511233 0.486273
0.513182 0.416060
0.515131 0.346188
0.517081 0.276603
0.519030 0.207249
0.520980 0.138069
0.522929 0.069005
0.524879 -0.000000

0.524879 -0.000000
0.526467 0.048135
0.528056 0.096262
0.529644 0.144372
0.531233 0.192458
0.532821 0.240511
0.534410 0.288523
0.535999 0.336486
0.537587 0.384391
0.539176 0.432230
0.540764 0.479995
0.542353 0.527678
0.543941 0.575269
0.545530 0.622761
0.547118 0.670145
0.548707 0.717412
0.550295 0.764554
0.551884 0.811562
0.553473 0.858427
0.555061 0.905141
0.556650 0.951694
0.558238 0.998078
0.559827 1.044284
0.561415 1.090301
0.563004 1.136123
0.564592 1.181738
0.566181 1.227137
0.567769 1.272312
0.569358 1.317252
0.570946 1.361949
0.572535 1.406391
0.574123 1.450569
0.575712 1.494474
0.577300 1.538095
0.578889 1.581422
0.580478 1.624445
0.582066 1.667154
0.583655 1.709538
0.585243 1.751586
0.586832 1.793288
0.588420 1.834634
0.590009 1.875612
0.591597 1.916211
0.593186 1.956421
0.594774 1.996230
0.596363 2.035627
0.597951 2.074601
0.599540 2.113141
0.601128 2.151235
0.602717 2.188872
0.604306 2.226039
0.605894 2.262727
0.607483 2.298922
0.609071 2.334614
0.610660 2.369790
0.612248 2.404439
0.613837 2.438548
0.615425 2.472107
0.617014 2.505103
0.618602 2.537525
0.620191 2.569361
0.621780 2.600598
0.623368 2.631226
0.624957 2.661233
0.626545 2.690606
0.628134 2.719335
0.629722 2.747408
0.631311 2.774814
0.632899 2.801541
0.634488 2.827578
0.636076 2.852914
0.637665 2.877539
0.639253 2.901441
0.640842 2.924610
0.642431 2.947036
0.644019 2.968709
0.645608 2.989619
0.647196 3.009755
0.648785 3.029110
0.650373 3.047673
0.651962 3.065435
0.653550 3.082389
0.655139 3.098526
0.656727 3.113838
0.658316 3.128317
0.659904 3.141957
0.661493 3.154749
0.663081 3.166689
0.664670 3.177769
0.666258 3.187985
0.667847 3.197330
0.669436 3.205800
0.671024 3.213390
0.672613 3.220097
0.674201 3.225917
0.675790 3.230847
0.677378 3.234884
0.678967 3.238026
0.680555 3.240271
0.682144 3.241619
0.683732 3.242069


0.000000 -0.000000
0.001842 0.147882
0.003683 0.295746
0.005525 0.443573
0.007367 0.591345
0.009208 0.739045
0.011050 0.886653
0.012892 1.034152
0.014733 1.181524
0.016575 1.328751
0.018416 1.475815
0.020258 1.622698
0.022100 1.769382
0.023941 1.915849
0.025783 2.062084
0.027625 2.208066
0.029466 2.353781
0.031308 2.499210
0.033150 2.644336
0.034991 2.789143
0.036833 2.933614
0.038675 3.077732
0.040516 3.221482
0.042358 3.364846
0.044199 3.507810
0.046041 3.650356
0.047883 3.792471
0.049724 3.934137
0.051566 4.075341
0.053408 4.216066
0.055249 4.356299
0.057091 4.496024
0.058933 4.635228
0.060774 4.773895
0.062616 4.912013
0.064458 5.049567
0.066299 5.186545
0.068141 5.322932
0.069982 5.458715
0.071824 5.593883
0.073666 5.728421
0.075507 5.862318
0.077349 5.995562
0.079191 6.128141
0.081032 6.260042
0.082874 6.391255
0.084716 6.521767
0.086557 6.651569
0.088399 6.780648
0.090241 6.908994
0.092082 7.036597
0.093924 7.163446
0.095765 7.289531
0.097607 7.414843
0.099449 7.539370
0.101290 7.663104
0.103132 7.786035
0.104974 7.908154
0.106815 8.029452
0.108657 8.149919
0.110499 8.269547
0.112340 8.388327
0.114182 8.506251
0.116024 8.623310
0.117865 8.739495
0.119707 8.854799
0.121548 8.969213
0.123390 9.082730
0.125232 9.195341
0.127073 9.307039
0.128915 9.417816
0.130757 9.527665
0.132598 9.636577
0.134440 9.744547
0.136282 9.851565
0.138123 9.957626
0.139965 10.062721
0.141807 10.166845
0.143648 10.269988
0.145490 10.372146
0.147331 10.473310
0.149173 10.573473
0.151015 10.672630
0.152856 10.770772
0.154698 10.867893
0.156540 10.963985
0.158381 11.059042
0.160223 11.153057
0.162065 11.246021
0.163906 11.337927
0.165748 11.428766
0.167590 11.518529
0.169431 11.607204
0.171273 11.694777
0.173114 11.781227
0.174956 11.866524
0.176798 11.950610
0.178639 12.033364
0.180481 12.114434
0.182323 12.192219
0.184164 12.245273

0.184164 12.245273
0.185622 12.240195
0.187080 12.227347
0.188537 12.210086
0.189995 12.190174
0.191453 12.168390
0.192910 12.145107
0.194368 12.120538
0.195826 12.094815
0.197284 12.068039
0.198741 12.040289
0.200199 12.011636
0.201656 11.982144
0.203114 11.951873
0.204572 11.920883
0.206030 11.889230
0.207487 11.856973
0.208945 11.824167
0.210403 11.790868
0.211860 11.757133
0.213318 11.723019
0.214776 11.688581
0.216233 11.653877
0.217691 11.618963
0.219149 11.583898
0.220606 11.548738
0.222064 11.513542
0.223522 11.478369
0.224979 11.443277
0.226437 11.408325
0.227895 11.373573
0.229353 11.339080
0.230810 11.304908
0.232268 11.271114
0.233726 11.237761
0.235183 11.204906
0.236641 11.172611
0.238099 11.140934
0.239556 11.109933
0.241014 11.079667
0.242472 11.050191
0.243929 11.021561
0.245387 10.993831
0.246845 10.967051
0.248303 10.941273
0.249760 10.916542
0.251218 10.892904
0.252676 10.870400
0.254133 10.849068
0.255591 10.828943
0.257049 10.810057
0.258506 10.792436
0.259964 10.776103
0.261422 10.761078
0.262879 10.747376
0.264337 10.735005
0.265795 10.723972
0.267252 10.714278
0.268710 10.705919
0.270168 10.698889
0.271626 10.693175
0.273083 10.688762
0.274541 10.685631
0.275999 10.683757
0.277456 10.683116
0.278914 10.683676
0.280372 10.685407
0.281829 10.688273
0.283287 10.692237
0.284745 10.697261
0.286202 10.703303
0.287660 10.710323
0.289118 10.718278
0.290575 10.727123
0.292033 10.736815
0.293491 10.747310
0.294949 10.758562
0.296406 10.770528
0.297864 10.783164
0.299322 10.796425
0.300779 10.810268
0.302237 10.824652
0.303695 10.839535
0.305152 10.854875
0.306610 10.870632
0.308068 10.886769
0.309525 10.903248
0.310983 10.920030
0.312441 10.937082
0.313898 10.954367
0.315356 10.971854
0.316814 10.989508
0.318271 11.007300
0.319729 11.025199
0.321187 11.043175
0.322645 11.061201
0.324102 11.079249
0.325560 11.097294
0.327018 11.115309
0.328475 11.133271
0.329933 11.151156

0.329933 11.151156
0.331882 11.097291
0.333832 11.042731
0.335781 10.987483
0.337731 10.931546
0.339680 10.874919
0.341630 10.817599
0.343579 10.759581
0.345529 10.700857
0.347478 10.641416
0.349428 10.581246
0.351377 10.520332
0.353326 10.458659
0.355276 10.396208
0.357225 10.332957
0.359175 10.268886
0.361124 10.203969
0.363074 10.138180
0.365023 10.071493
0.366973 10.003878
0.368922 9.935305
0.370872 9.865743
0.372821 9.795159
0.374771 9.723521
0.376720 9.650795
0.378669 9.576945
0.380619 9.501939
0.382568 9.425740
0.384518 9.348315
0.386467 9.269629
0.388417 9.189647
0.390366 9.108338
0.392316 9.025667
0.394265 8.941603
0.396215 8.856116
0.398164 8.769175
0.400114 8.680752
0.402063 8.590820
0.404012 8.499355
0.405962 8.406331
0.407911 8.311728
0.409861 8.215525
0.411810 8.117703
0.413760 8.018247
0.415709 7.917141
0.417659 7.814374
0.419608 7.709935
0.421557 7.603815
0.423507 7.496008
0.425456 7.386511
0.427406 7.275321
0.429355 7.162438
0.431305 7.047863
0.433254 6.931602
0.435204 6.813660
0.437153 6.694045
0.439103 6.572767
0.441052 6.449838
0.443002 6.325271
0.444951 6.199082
0.446900 6.071287
0.448850 5.941906
0.450799 5.810960
0.452749 5.678469
0.454698 5.544458
0.456648 5.408952
0.458597 5.271977
0.460547 5.133561
0.462496 4.993734
0.464446 4.852525
0.466395 4.709967
0.468344 4.566092
0.470294 4.420934
0.472243 4.274529
0.474193 4.126912
0.476142 3.978121
0.478092 3.828192
0.480041 3.677167
0.481991 3.525083
0.483940 3.371981
0.485890 3.217904
0.487839 3.062892
0.489789 2.906989
0.491738 2.750237
0.493688 2.592681
0.495637 2.434365
0.497586 2.275335
0.499536 2.115635
0.501485 1.955311
0.503435 1.794411
0.505384 1.632980
0.507334 1.471066
0.509283 1.308716
0.511233 1.145978
0.513182 0.982900
0.515131 0.819531
0.517081 0.655917
0.519030 0.492109
0.520980 0.328154
0.522929 0.164101
0.524879 -0.000000

0.524879 -0.000000
0.526467 0.139947
0.528056 0.279877
0.529644 0.419777
0.531233 0.559630
0.532821 0.699420
0.534410 0.839131
0.535999 0.978749
0.537587 1.118257
0.539176 1.257640
0.540764 1.396883
0.542353 1.535969
0.543941 1.674884
0.545530 1.813612
0.547118 1.952137
0.548707 2.090445
0.550295 2.228520
0.551884 2.366347
0.553473 2.503910
0.555061 2.641195
0.556650 2.778186
0.558238 2.914869
0.559827 3.051228
0.561415 3.187249
0.563004 3.322917
0.564592 3.458218
0.566181 3.593137
0.567769 3.727659
0.569358 3.861769
0.570946 3.995455
0.572535 4.128701
0.574123 4.261493
0.575712 4.393817
0.577300 4.525660
0.578889 4.657007
0.580478 4.787845
0.582066 4.918160
0.583655 5.047939
0.585243 5.177168
0.586832 5.305835
0.588420 5.433925
0.590009 5.561425
0.591597 5.688324
0.593186 5.814607
0.594774 5.940263
0.596363 6.065278
0.597951 6.189640
0.599540 6.313336
0.601128 6.436354
0.602717 6.558682
0.604306 6.680307
0.605894 6.801218
0.607483 6.921402
0.609071 7.040848
0.610660 7.159542
0.612248 7.277474
0.613837 7.394632
0.615425 7.511002
0.617014 7.626575
0.618602 7.741336
0.620191 7.855275
0.621780 7.968380
0.623368 8.080637
0.624957 8.192034
0.626545 8.302559
0.628134 8.412199
0.629722 8.520940
0.631311 8.628767
0.632899 8.735668
0.634488 8.841627
0.636076 8.946627
0.637665 9.050653
0.639253 9.153685
0.640842 9.255706
0.642431 9.356693
0.644019 9.456625
0.645608 9.555475
0.647196 9.653215
0.648785 9.749813
0.650373 9.845233
0.651962 9.939434
0.653550 10.032367
0.655139 10.123976
0.656727 10.214194
0.658316 10.302940
0.659904 10.390119
0.661493 10.475614
0.663081 10.559279
0.664670 10.640934
0.666258 10.720354
0.667847 10.797253
0.669436 10.871262
0.671024 10.941913
0.672613 11.008596
0.674201 11.070529
0.675790 11.126720
0.677378 11.175933
0.678967 11.216709
0.680555 11.247456
0.682144 11.266660
0.683732 11.273200


0.000000 15.360438
0.001842 15.360172
0.003683 15.359371
0.005525 15.358035
0.007367 15.356158
0.009208 15.353738
0.011050 15.350769
0.012892 15.347244
0.014733 15.343157
0.016575 15.338504
0.018416 15.333278
0.020258 15.327474
0.022100 15.321089
0.023941 15.314119
0.025783 15.306562
0.027625 15.298417
0.029466 15.289684
0.031308 15.280364
0.033150 15.270458
0.034991 15.259969
0.036833 15.248900
0.038675 15.237254
0.040516 15.225035
0.042358 15.212249
0.044199 15.198899
0.046041 15.184993
0.047883 15.170535
0.049724 15.155532
0.051566 15.139990
0.053408 15.123918
0.055249 15.107321
0.057091 15.090208
0.058933 15.072588
0.060774 15.054468
0.062616 15.035859
0.064458 15.016769
0.066299 14.997209
0.068141 14.977189
0.069982 14.956720
0.071824 14.935813
0.073666 14.914480
0.075507 14.892733
0.077349 14.870585
0.079191 14.848049
0.081032 14.825138
0.082874 14.801867
0.084716 14.778248
0.086557 14.754297
0.088399 14.730027
0.090241 14.705452
0.092082 14.680587
0.093924 14.655444
0.095765 14.630038
0.097607 14.604378
0.099449 14.578476
0.101290 14.552339
0.103132 14.525971
0.104974 14.499375
0.106815 14.472543
0.108657 14.445465
0.110499 14.418116
0.112340 14.390462
0.114182 14.362447
0.116024 14.333994
0.117865 14.304994
0.119707 14.275303
0.121548 14.244732
0.123390 14.213050
0.125232 14.179994
0.127073 14.145296
0.128915 14.108718
0.130757 14.070093
0.132598 14.029349
0.134440 13.986503
0.136282 13.941634
0.138123 13.894858
0.139965 13.846293
0.141807 13.796052
0.143648 13.744231
0.145490 13.690912
0.147331 13.636160
0.149173 13.580027
0.151015 13.522556
0.152856 13.463781
0.154698 13.403730
0.156540 13.342425
0.158381 13.279885
0.160223 13.216128
0.162065 13.151166
0.163906 13.085014
0.165748 13.017683
0.167590 12.949185
0.169431 12.879535
0.171273 12.808747
0.173114 12.736842
0.174956 12.663853
0.176798 12.589836
0.178639 12.514914
0.180481 12.439438
0.182323 12.365009
0.184164 12.313074

0.184164 12.313074
0.185622 12.316930
0.187080 12.326116
0.188537 12.337288
0.189995 12.348707
0.191453 12.359624
0.192910 12.369702
0.194368 12.378778
0.195826 12.386770
0.197284 12.393639
0.198741 12.399373
0.200199 12.403972
0.201656 12.407450
0.203114 12.409828
0.204572 12.411133
0.206030 12.411396
0.207487 12.410652
0.208945 12.408937
0.210403 12.406291
0.211860 12.402754
0.213318 12.398366
0.214776 12.393171
0.216233 12.387207
0.217691 12.380518
0.219149 12.373143
0.220606 12.365122
0.222064 12.356495
0.223522 12.347300
0.224979 12.337575
0.226437 12.327356
0.227895 12.316677
0.229353 12.305575
0.230810 12.294083
0.232268 12.282233
0.233726 12.270057
0.235183 12.257586
0.236641 12.244851
0.238099 12.231881
0.239556 12.218706
0.241014 12.205352
0.242472 12.191849
0.243929 12.178224
0.245387 12.164504
0.246845 12.150715
0.248303 12.136883
0.249760 12.123035
0.251218 12.109196
0.252676 12.095391
0.254133 12.081646
0.255591 12.067985
0.257049 12.054433
0.258506 12.041014
0.259964 12.027753
0.261422 12.014673
0.262879 12.001798
0.264337 11.989152
0.265795 11.976756
0.267252 11.964634
0.268710 11.952807
0.270168 11.941296
0.271626 11.930123
0.273083 11.919307
0.274541 11.908867
0.275999 11.898822
0.277456 11.889189
0.278914 11.879984
0.280372 11.871223
0.281829 11.862917
0.283287 11.855081
0.284745 11.847724
0.286202 11.840856
0.287660 11.834484
0.289118 11.828613
0.290575 11.823246
0.292033 11.818385
0.293491 11.814029
0.294949 11.810175
0.296406 11.806818
0.297864 11.803950
0.299322 11.801561
0.300779 11.799639
0.302237 11.798168
0.303695 11.797132
0.305152 11.796511
0.306610 11.796282
0.308068 11.796423
0.309525 11.796906
0.310983 11.797703
0.312441 11.798782
0.313898 11.800112
0.315356 11.801659
0.316814 11.803385
0.318271 11.805254
0.319729 11.807226
0.321187 11.809262
0.322645 11.811320
0.324102 11.813358
0.325560 11.815333
0.327018 11.817203
0.328475 11.818923
0.329933 11.820451

0.329933 11.820451
0.331882 11.817554
0.333832 11.817506
0.335781 11.820504
0.337731 11.826725
0.339680 11.836326
0.341630 11.849436
0.343579 11.866152
0.345529 11.886542
0.347478 11.910635
0.349428 11.938427
0.351377 11.969878
0.353326 12.004913
0.355276 12.043425
0.357225 12.085277
0.359175 12.130309
0.361124 12.178339
0.363074 12.229166
0.365023 12.282578
0.366973 12.338354
0.368922 12.396269
0.370872 12.456096
0.372821 12.517609
0.374771 12.580587
0.376720 12.644815
0.378669 12.710085
0.380619 12.776199
0.382568 12.842967
0.384518 12.910211
0.386467 12.977762
0.388417 13.045463
0.390366 13.113165
0.392316 13.180732
0.394265 13.248037
0.396215 13.314961
0.398164 13.381397
0.400114 13.447244
0.402063 13.512411
0.404012 13.576814
0.405962 13.640377
0.407911 13.703031
0.409861 13.764712
0.411810 13.825364
0.413760 13.884937
0.415709 13.943384
0.417659 14.000666
0.419608 14.056746
0.421557 14.111594
0.423507 14.165182
0.425456 14.217486
0.427406 14.268489
0.429355 14.318173
0.431305 14.366526
0.433254 14.413537
0.435204 14.459201
0.437153 14.503513
0.439103 14.546471
0.441052 14.588076
0.443002 14.628333
0.444951 14.667246
0.446900 14.704825
0.448850 14.741079
0.450799 14.776022
0.452749 14.809669
0.454698 14.842039
0.456648 14.873152
0.458597 14.903032
0.460547 14.931703
0.462496 14.959194
0.464446 14.985535
0.466395 15.010758
0.468344 15.034896
0.470294 15.057983
0.472243 15.080053
0.474193 15.101139
0.476142 15.121273
0.478092 15.140485
0.480041 15.158801
0.481991 15.176246
0.483940 15.192842
0.485890 15.208607
0.487839 15.223556
0.489789 15.237702
0.491738 15.251054
0.493688 15.263620
0.495637 15.275407
0.497586 15.286419
0.499536 15.296659
0.501485 15.306130
0.503435 15.314834
0.505384 15.322773
0.507334 15.329948
0.509283 15.336361
0.511233 15.342015
0.513182 15.346910
0.515131 15.351048
0.517081 15.354431
0.519030 15.357060
0.520980 15.358937
0.522929 15.360063
0.524879 15.360438

0.524879 15.360438
0.526467 15.360138
0.528056 15.359237
0.529644 15.357735
0.531233 15.355631
0.532821 15.352925
0.534410 15.349616
0.535999 15.345704
0.537587 15.341187
0.539176 15.336064
0.540764 15.330333
0.542353 15.323994
0.543941 15.317044
0.545530 15.309482
0.547118 15.301305
0.548707 15.292511
0.550295 15.283099
0.551884 15.273065
0.553473 15.262408
0.555061 15.251124
0.556650 15.239210
0.558238 15.226664
0.559827 15.213483
0.561415 15.199662
0.563004 15.185200
0.564592 15.170092
0.566181 15.154335
0.567769 15.137925
0.569358 15.120859
0.570946 15.103132
0.572535 15.084740
0.574123 15.065680
0.575712 15.045948
0.577300 15.025539
0.578889 15.004448
0.580478 14.982673
0.582066 14.960207
0.583655 14.937047
0.585243 14.913189
0.586832 14.888628
0.588420 14.863359
0.590009 14.837377
0.591597 14.810679
0.593186 14.783260
0.594774 14.755114
0.596363 14.726239
0.597951 14.696629
0.599540 14.666279
0.601128 14.635186
0.602717 14.603345
0.604306 14.570751
0.605894 14.537402
0.607483 14.503292
0.609071 14.468418
0.610660 14.432776
0.612248 14.396363
0.613837 14.359175
0.615425 14.321209
0.617014 14.282462
0.618602 14.242932
0.620191 14.202616
0.621780 14.161512
0.623368 14.119619
0.624957 14.076935
0.626545 14.033461
0.628134 13.989195
0.629722 13.944139
0.631311 13.898294
0.632899 13.851662
0.634488 13.804246
0.636076 13.756050
0.637665 13.707081
0.639253 13.657343
0.640842 13.606848
0.642431 13.555604
0.644019 13.503625
0.645608 13.450927
0.647196 13.397528
0.648785 13.343452
0.650373 13.288725
0.651962 13.233382
0.653550 13.177463
0.655139 13.121016
0.656727 13.064101
0.658316 13.006791
0.659904 12.949176
0.661493 12.891367
0.663081 12.833504
0.664670 12.775760
0.666258 12.718357
0.667847 12.661577
0.669436 12.605782
0.671024 12.551440
0.672613 12.499154
0.674201 12.449704
0.675790 12.404081
0.677378 12.363517
0.678967 12.329469
0.680555 12.303530
0.682144 12.287211
0.683732 12.281633


0.000000 15.420951
0.001842 15.420646
0.003683 15.419730
0.005525 15.418204
0.007367 15.416069
0.009208 15.413325
0.011050 15.409973
0.012892 15.406014
0.014733 15.401450
0.016575 15.396283
0.018416 15.390513
0.020258 15.384144
0.022100 15.377178
0.023941 15.369618
0.025783 15.361465
0.027625 15.352724
0.029466 15.343398
0.031308 15.333491
0.033150 15.323007
0.034991 15.311950
0.036833 15.300324
0.038675 15.288136
0.040516 15.275390
0.042358 15.262093
0.044199 15.248249
0.046041 15.233867
0.047883 15.218953
0.049724 15.203514
0.051566 15.187559
0.053408 15.171095
0.055249 15.154132
0.057091 15.136678
0.058933 15.118744
0.060774 15.100340
0.062616 15.081477
0.064458 15.062165
0.066299 15.042418
0.068141 15.022247
0.069982 15.001665
0.071824 14.980687
0.073666 14.959327
0.075507 14.937599
0.077349 14.915519
0.079191 14.893103
0.081032 14.870368
0.082874 14.847332
0.084716 14.824013
0.086557 14.800429
0.088399 14.776599
0.090241 14.752545
0.092082 14.728287
0.093924 14.703847
0.095765 14.679246
0.097607 14.654507
0.099449 14.629654
0.101290 14.604711
0.103132 14.579703
0.104974 14.554655
0.106815 14.529593
0.108657 14.504544
0.110499 14.479534
0.112340 14.454592
0.114182 14.429746
0.116024 14.405024
0.117865 14.380456
0.119707 14.356070
0.121548 14.331898
0.123390 14.307969
0.125232 14.284314
0.127073 14.260964
0.128915 14.237950
0.130757 14.215302
0.132598 14.193052
0.134440 14.171232
0.136282 14.146542
0.138123 14.120758
0.139965 14.096170
0.141807 14.072696
0.143648 14.050268
0.145490 14.028836
0.147331 14.008365
0.149173 13.988833
0.151015 13.970227
0.152856 13.952542
0.154698 13.935779
0.156540 13.919945
0.158381 13.905048
0.160223 13.891100
0.162065 13.878113
0.163906 13.866102
0.165748 13.855079
0.167590 13.845058
0.169431 13.836052
0.171273 13.828074
0.173114 13.821136
0.174956 13.815246
0.176798 13.810415
0.178639 13.806650
0.180481 13.803956
0.182323 13.802338
0.184164 13.801798

0.184164 13.801798
0.185622 13.802108
0.187080 13.803033
0.188537 13.804565
0.189995 13.806692
0.191453 13.809395
0.192910 13.812652
0.194368 13.816437
0.195826 13.820721
0.197284 13.825475
0.198741 13.830668
0.200199 13.836267
0.201656 13.842243
0.203114 13.848566
0.204572 13.855207
0.206030 13.862141
0.207487 13.869343
0.208945 13.876791
0.210403 13.884462
0.211860 13.892337
0.213318 13.900396
0.214776 13.908622
0.216233 13.916999
0.217691 13.925509
0.219149 13.934137
0.220606 13.942868
0.222064 13.951689
0.223522 13.960584
0.224979 13.969541
0.226437 13.978547
0.227895 13.987589
0.229353 13.996655
0.230810 14.005733
0.232268 14.014812
0.233726 14.023881
0.235183 14.032929
0.236641 14.041945
0.238099 14.050919
0.239556 14.059842
0.241014 14.068702
0.242472 14.077491
0.243929 14.086199
0.245387 14.094816
0.246845 14.103332
0.248303 14.111739
0.249760 14.120027
0.251218 14.128186
0.252676 14.136206
0.254133 14.144078
0.255591 14.151791
0.257049 14.159333
0.258506 14.166694
0.259964 14.173860
0.261422 14.180819
0.262879 14.187554
0.264337 14.194049
0.265795 14.200283
0.267252 14.206233
0.268710 14.211872
0.270168 14.217166
0.271626 14.222076
0.273083 14.226557
0.274541 14.230555
0.275999 14.234013
0.277456 14.236876
0.278914 14.239094
0.280372 14.240636
0.281829 14.241493
0.283287 14.241680
0.284745 14.241232
0.286202 14.240197
0.287660 14.238625
0.289118 14.236567
0.290575 14.234068
0.292033 14.231171
0.293491 14.227912
0.294949 14.224323
0.296406 14.220434
0.297864 14.216269
0.299322 14.211855
0.300779 14.207213
0.302237 14.202366
0.303695 14.197334
0.305152 14.192139
0.306610 14.186800
0.308068 14.181337
0.309525 14.175771
0.310983 14.170122
0.312441 14.164411
0.313898 14.158657
0.315356 14.152882
0.316814 14.147107
0.318271 14.141352
0.319729 14.135639
0.321187 14.129990
0.322645 14.124426
0.324102 14.118968
0.325560 14.113638
0.327018 14.108457
0.328475 14.103447
0.329933 14.098629

0.329933 14.098629
0.331882 14.112927
0.333832 14.127522
0.335781 14.142404
0.337731 14.157563
0.339680 14.172988
0.341630 14.188670
0.343579 14.204599
0.345529 14.220763
0.347478 14.237152
0.349428 14.253756
0.351377 14.270564
0.353326 14.287564
0.355276 14.304747
0.357225 14.322100
0.359175 14.339614
0.361124 14.357278
0.363074 14.375080
0.365023 14.393009
0.366973 14.411054
0.368922 14.429205
0.370872 14.447450
0.372821 14.465779
0.374771 14.484180
0.376720 14.500774
0.378669 14.508920
0.380619 14.517172
0.382568 14.525558
0.384518 14.534104
0.386467 14.542834
0.388417 14.551773
0.390366 14.560941
0.392316 14.570362
0.394265 14.580053
0.396215 14.590032
0.398164 14.600317
0.400114 14.610921
0.402063 14.621857
0.404012 14.633135
0.405962 14.644764
0.407911 14.656751
0.409861 14.669101
0.411810 14.681816
0.413760 14.694898
0.415709 14.708345
0.417659 14.722155
0.419608 14.736322
0.421557 14.750839
0.423507 14.765699
0.425456 14.780891
0.427406 14.796403
0.429355 14.812221
0.431305 14.828330
0.433254 14.844714
0.435204 14.861354
0.437153 14.878232
0.439103 14.895326
0.441052 14.912614
0.443002 14.930072
0.444951 14.947677
0.446900 14.965402
0.448850 14.983220
0.450799 15.001102
0.452749 15.019017
0.454698 15.036934
0.456648 15.054819
0.458597 15.072637
0.460547 15.090351
0.462496 15.107923
0.464446 15.125312
0.466395 15.142479
0.468344 15.159381
0.470294 15.175978
0.472243 15.192229
0.474193 15.208096
0.476142 15.223540
0.478092 15.238528
0.480041 15.253029
0.481991 15.267013
0.483940 15.280458
0.485890 15.293341
0.487839 15.305647
0.489789 15.317360
0.491738 15.328469
0.493688 15.338965
0.495637 15.348843
0.497586 15.358096
0.499536 15.366721
0.501485 15.374716
0.503435 15.382079
0.505384 15.388807
0.507334 15.394900
0.509283 15.400357
0.511233 15.405176
0.513182 15.409356
0.515131 15.412895
0.517081 15.415793
0.519030 15.418049
0.520980 15.419661
0.522929 15.420628
0.524879 15.420951

0.524879 15.420951
0.526467 15.420783
0.528056 15.420279
0.529644 15.419439
0.531233 15.418264
0.532821 15.416756
0.534410 15.414914
0.535999 15.412741
0.537587 15.410238
0.539176 15.407408
0.540764 15.404252
0.542353 15.400773
0.543941 15.396974
0.545530 15.392858
0.547118 15.388428
0.548707 15.383687
0.550295 15.378640
0.551884 15.373290
0.553473 15.367642
0.555061 15.361700
0.556650 15.355470
0.558238 15.348955
0.559827 15.342162
0.561415 15.335096
0.563004 15.327763
0.564592 15.320169
0.566181 15.312321
0.567769 15.304224
0.569358 15.295885
0.570946 15.287312
0.572535 15.278512
0.574123 15.269492
0.575712 15.260261
0.577300 15.250825
0.578889 15.241193
0.580478 15.231373
0.582066 15.221375
0.583655 15.211206
0.585243 15.200876
0.586832 15.190395
0.588420 15.179770
0.590009 15.169012
0.591597 15.158132
0.593186 15.147137
0.594774 15.136040
0.596363 15.124849
0.597951 15.113576
0.599540 15.102231
0.601128 15.090824
0.602717 15.079367
0.604306 15.067871
0.605894 15.056347
0.607483 15.044805
0.609071 15.033257
0.610660 15.021716
0.612248 15.010191
0.613837 14.998695
0.615425 14.987239
0.617014 14.975835
0.618602 14.964494
0.620191 14.953229
0.621780 14.942052
0.623368 14.930972
0.624957 14.920004
0.626545 14.909157
0.628134 14.898444
0.629722 14.887877
0.631311 14.877466
0.632899 14.867224
0.634488 14.857161
0.636076 14.847289
0.637665 14.837619
0.639253 14.828161
0.640842 14.818927
0.642431 14.809927
0.644019 14.801171
0.645608 14.792669
0.647196 14.784432
0.648785 14.776468
0.650373 14.768788
0.651962 14.761400
0.653550 14.754313
0.655139 14.747536
0.656727 14.741076
0.658316 14.734942
0.659904 14.729141
0.661493 14.723680
0.663081 14.718565
0.664670 14.713804
0.666258 14.709401
0.667847 14.705363
0.669436 14.701694
0.671024 14.698398
0.672613 14.695481
0.674201 14.692945
0.675790 14.690794
0.677378 14.689030
0.678967 14.687656
0.680555 14.686673
0.682144 14.686083
0.683732 14.685886


0.000000 15.420951
0.001842 15.420782
0.003683 15.420277
0.005525 15.419436
0.007367 15.418261
0.009208 15.416755
0.011050 15.414921
0.012892 15.412760
0.014733 15.410276
0.016575 15.407469
0.018416 15.404341
0.020258 15.400890
0.022100 15.397115
0.023941 15.393012
0.025783 15.388578
0.027625 15.383805
0.029466 15.378686
0.031308 15.373212
0.033150 15.367375
0.034991 15.361162
0.036833 15.354563
0.038675 15.347565
0.040516 15.340154
0.042358 15.332317
0.044199 15.324040
0.046041 15.315309
0.047883 15.306107
0.049724 15.296421
0.051566 15.286233
0.053408 15.275530
0.055249 15.264294
0.057091 15.252510
0.058933 15.240162
0.060774 15.227233
0.062616 15.213708
0.064458 15.199571
0.066299 15.184804
0.068141 15.169394
0.069982 15.153323
0.071824 15.136577
0.073666 15.119140
0.075507 15.100997
0.077349 15.082134
0.079191 15.062537
0.081032 15.042191
0.082874 15.021084
0.084716 14.999204
0.086557 14.976539
0.088399 14.953078
0.090241 14.928812
0.092082 14.903732
0.093924 14.877831
0.095765 14.851106
0.097607 14.823552
0.099449 14.795169
0.101290 14.765962
0.103132 14.735938
0.104974 14.705108
0.106815 14.673494
0.108657 14.641122
0.110499 14.608033
0.112340 14.574281
0.114182 14.539937
0.116024 14.505102
0.117865 14.469903
0.119707 14.434509
0.121548 14.399130
0.123390 14.364021
0.125232 14.329469
0.127073 14.295770
0.128915 14.263187
0.130757 14.231915
0.132598 14.202053
0.134440 14.173612
0.136282 14.149872
0.138123 14.129003
0.139965 14.108657
0.141807 14.088863
0.143648 14.069653
0.145490 14.051055
0.147331 14.033099
0.149173 14.015814
0.151015 13.999228
0.152856 13.983367
0.154698 13.968259
0.156540 13.953928
0.158381 13.940399
0.160223 13.927695
0.162065 13.915839
0.163906 13.904850
0.165748 13.894750
0.167590 13.885555
0.169431 13.877282
0.171273 13.869946
0.173114 13.863561
0.174956 13.858138
0.176798 13.853687
0.178639 13.850217
0.180481 13.847733
0.182323 13.846241
0.184164 13.845744

0.184164 13.845744
0.185622 13.846090
0.187080 13.847126
0.188537 13.848851
0.189995 13.851260
0.191453 13.854348
0.192910 13.858106
0.194368 13.862525
0.195826 13.867590
0.197284 13.873285
0.198741 13.879591
0.200199 13.886483
0.201656 13.893935
0.203114 13.901916
0.204572 13.910389
0.206030 13.919319
0.207487 13.928665
0.208945 13.938385
0.210403 13.948436
0.211860 13.958775
0.213318 13.969358
0.214776 13.980142
0.216233 13.991085
0.217691 14.002144
0.219149 14.013282
0.220606 14.024459
0.222064 14.035639
0.223522 14.046788
0.224979 14.057873
0.226437 14.068865
0.227895 14.079733
0.229353 14.090452
0.230810 14.100996
0.232268 14.111343
0.233726 14.121471
0.235183 14.131361
0.236641 14.140994
0.238099 14.150356
0.239556 14.159430
0.241014 14.168203
0.242472 14.176665
0.243929 14.184803
0.245387 14.192610
0.246845 14.200076
0.248303 14.207196
0.249760 14.213964
0.251218 14.220377
0.252676 14.226430
0.254133 14.232124
0.255591 14.237457
0.257049 14.242430
0.258506 14.247048
0.259964 14.251315
0.261422 14.255236
0.262879 14.258823
0.264337 14.262085
0.265795 14.265040
0.267252 14.267705
0.268710 14.270106
0.270168 14.272274
0.271626 14.274244
0.273083 14.276064
0.274541 14.277785
0.275999 14.279463
0.277456 14.281158
0.278914 14.282917
0.280372 14.284777
0.281829 14.286749
0.283287 14.288820
0.284745 14.290961
0.286202 14.293130
0.287660 14.295281
0.289118 14.297370
0.290575 14.299360
0.292033 14.301216
0.293491 14.302910
0.294949 14.304421
0.296406 14.305729
0.297864 14.306820
0.299322 14.307681
0.300779 14.308303
0.302237 14.308677
0.303695 14.308798
0.305152 14.308660
0.306610 14.308260
0.308068 14.307595
0.309525 14.306663
0.310983 14.305464
0.312441 14.303997
0.313898 14.302264
0.315356 14.300265
0.316814 14.298003
0.318271 14.295480
0.319729 14.292701
0.321187 14.289669
0.322645 14.286389
0.324102 14.282868
0.325560 14.279110
0.327018 14.275125
0.328475 14.270918
0.329933 14.266500

0.329933 14.266500
0.331882 14.279853
0.333832 14.292784
0.335781 14.305298
0.337731 14.317402
0.339680 14.329105
0.341630 14.340419
0.343579 14.351357
0.345529 14.361936
0.347478 14.372173
0.349428 14.382087
0.351377 14.391699
0.353326 14.401033
0.355276 14.410110
0.357225 14.418957
0.359175 14.427600
0.361124 14.436064
0.363074 14.444378
0.365023 14.452570
0.366973 14.460668
0.368922 14.468702
0.370872 14.476701
0.372821 14.484693
0.374771 14.492708
0.376720 14.502644
0.378669 14.521157
0.380619 14.539711
0.382568 14.558294
0.384518 14.576896
0.386467 14.595506
0.388417 14.614114
0.390366 14.632708
0.392316 14.651279
0.394265 14.669817
0.396215 14.688310
0.398164 14.706750
0.400114 14.725127
0.402063 14.743429
0.404012 14.761648
0.405962 14.779775
0.407911 14.797798
0.409861 14.815710
0.411810 14.833501
0.413760 14.851161
0.415709 14.868683
0.417659 14.886056
0.419608 14.903272
0.421557 14.920324
0.423507 14.937201
0.425456 14.953897
0.427406 14.970403
0.429355 14.986710
0.431305 15.002812
0.433254 15.018701
0.435204 15.034369
0.437153 15.049808
0.439103 15.065012
0.441052 15.079974
0.443002 15.094686
0.444951 15.109143
0.446900 15.123337
0.448850 15.137262
0.450799 15.150912
0.452749 15.164281
0.454698 15.177364
0.456648 15.190153
0.458597 15.202644
0.460547 15.214832
0.462496 15.226711
0.464446 15.238276
0.466395 15.249523
0.468344 15.260446
0.470294 15.271041
0.472243 15.281303
0.474193 15.291229
0.476142 15.300814
0.478092 15.310054
0.480041 15.318946
0.481991 15.327485
0.483940 15.335669
0.485890 15.343495
0.487839 15.350958
0.489789 15.358056
0.491738 15.364787
0.493688 15.371147
0.495637 15.377134
0.497586 15.382745
0.499536 15.387980
0.501485 15.392835
0.503435 15.397308
0.505384 15.401398
0.507334 15.405103
0.509283 15.408423
0.511233 15.411354
0.513182 15.413897
0.515131 15.416051
0.517081 15.417814
0.519030 15.419186
0.520980 15.420166
0.522929 15.420755
0.524879 15.420951

0.524879 15.420951
0.526467 15.420783
0.528056 15.420279
0.529644 15.419439
0.531233 15.418264
0.532821 15.416756
0.534410 15.414914
0.535999 15.412741
0.537587 15.410238
0.539176 15.407408
0.540764 15.404252
0.542353 15.400773
0.543941 15.396974
0.545530 15.392858
0.547118 15.388428
0.548707 15.383687
0.550295 15.378640
0.551884 15.373290
0.553473 15.367642
0.555061 15.361700
0.556650 15.355470
0.558238 15.348955
0.559827 15.342162
0.561415 15.335096
0.563004 15.327763
0.564592 15.320169
0.566181 15.312321
0.567769 15.304224
0.569358 15.295885
0.570946 15.287312
0.572535 15.278512
0.574123 15.269492
0.575712 15.260261
0.577300 15.250825
0.578889 15.241193
0.580478 15.231373
0.582066 15.221375
0.583655 15.211206
0.585243 15.200876
0.586832 15.190395
0.588420 15.179770
0.590009 15.169012
0.591597 15.158132
0.593186 15.147137
0.594774 15.136040
0.596363 15.124849
0.597951 15.113576
0.599540 15.102231
0.601128 15.090824
0.602717 15.079367
0.604306 15.067871
0.605894 15.056347
0.607483 15.044805
0.609071 15.033257
0.610660 15.021716
0.612248 15.010191
0.613837 14.998695
0.615425 14.987239
0.617014 14.975835
0.618602 14.964494
0.620191 14.953229
0.621780 14.942052
0.623368 14.930972
0.624957 14.920004
0.626545 14.909157
0.628134 14.898444
0.629722 14.887877
0.631311 14.877466
0.632899 14.867224
0.634488 14.857161
0.636076 14.847289
0.637665 14.837619
0.639253 14.828161
0.640842 14.818927
0.642431 14.809927
0.644019 14.801171
0.645608 14.792669
0.647196 14.784432
0.648785 14.776468
0.650373 14.768788
0.651962 14.761400
0.653550 14.754313
0.655139 14.747536
0.656727 14.741076
0.658316 14.734942
0.659904 14.729141
0.661493 14.723680
0.663081 14.718565
0.664670 14.713804
0.666258 14.709401
0.667847 14.705363
0.669436 14.701694
0.671024 14.698398
0.672613 14.695481
0.674201 14.692945
0.675790 14.690794
0.677378 14.689030
0.678967 14.687656
0.680555 14.686673
0.682144 14.686083
0.683732 14.685886


