# End points of segments: 
#   0.00000000 0.18417600 0.32933910 0.52566880 0.68676880 
0.000000 -0.000000
0.001842 0.055579
0.003684 0.111155
0.005525 0.166724
0.007367 0.222283
0.009209 0.277828
0.011051 0.333357
0.012892 0.388865
0.014734 0.444349
0.016576 0.499805
0.018418 0.555231
0.020259 0.610622
0.022101 0.665975
0.023943 0.721285
0.025785 0.776550
0.027626 0.831765
0.029468 0.886927
0.031310 0.942031
0.033152 0.997072
0.034993 1.052048
0.036835 1.106952
0.038677 1.161781
0.040519 1.216531
0.042361 1.271195
0.044202 1.325769
0.046044 1.380248
0.047886 1.434626
0.049728 1.488897
0.051569 1.543056
0.053411 1.597096
0.055253 1.651011
0.057095 1.704793
0.058936 1.758437
0.060778 1.811934
0.062620 1.865276
0.064462 1.918456
0.066303 1.971465
0.068145 2.024294
0.069987 2.076933
0.071829 2.129373
0.073670 2.181603
0.075512 2.233613
0.077354 2.285391
0.079196 2.336925
0.081037 2.388203
0.082879 2.439212
0.084721 2.489938
0.086563 2.540366
0.088404 2.590484
0.090246 2.640273
0.092088 2.689719
0.093930 2.738805
0.095771 2.787512
0.097613 2.835823
0.099455 2.883718
0.101297 2.931178
0.103138 2.978183
0.104980 3.024710
0.106822 3.070739
0.108664 3.116246
0.110506 3.161209
0.112347 3.205602
0.114189 3.249401
0.116031 3.292580
0.117873 3.335114
0.119714 3.376975
0.121556 3.418135
0.123398 3.458567
0.125240 3.498242
0.127081 3.537131
0.128923 3.575204
0.130765 3.612431
0.132607 3.648781
0.134448 3.684225
0.136290 3.718730
0.138132 3.752267
0.139974 3.784803
0.141816 3.816308
0.143657 3.846750
0.145499 3.876100
0.147341 3.904326
0.149182 3.931398
0.151024 3.957286
0.152866 3.981963
0.154708 4.005399
0.156550 4.027567
0.158391 4.048441
0.160233 4.067995
0.162075 4.086205
0.163917 4.103048
0.165758 4.118502
0.167600 4.132548
0.169442 4.145167
0.171284 4.156342
0.173125 4.166058
0.174967 4.174303
0.176809 4.181063
0.178651 4.186332
0.180492 4.190100
0.182334 4.192363
0.184176 4.193118

0.184176 4.193118
0.185628 4.193885
0.187079 4.196183
0.188531 4.199991
0.189982 4.205277
0.191434 4.211990
0.192886 4.220064
0.194337 4.229411
0.195789 4.239938
0.197241 4.251552
0.198692 4.264178
0.200144 4.277752
0.201596 4.292227
0.203047 4.307555
0.204499 4.323690
0.205950 4.340577
0.207402 4.358162
0.208854 4.376381
0.210305 4.395170
0.211757 4.414459
0.213209 4.434178
0.214660 4.454252
0.216112 4.474607
0.217563 4.495166
0.219015 4.515852
0.220467 4.536585
0.221918 4.557288
0.223370 4.577881
0.224822 4.598285
0.226273 4.618420
0.227725 4.638206
0.229177 4.657567
0.230628 4.676422
0.232080 4.694695
0.233531 4.712310
0.234983 4.729190
0.236435 4.745263
0.237886 4.760456
0.239338 4.774699
0.240790 4.787923
0.242241 4.800062
0.243693 4.811054
0.245144 4.820839
0.246596 4.829358
0.248048 4.836560
0.249499 4.842394
0.250951 4.846816
0.252403 4.849785
0.253854 4.851265
0.255306 4.851225
0.256758 4.849640
0.258209 4.846492
0.259661 4.841766
0.261112 4.835454
0.262564 4.827558
0.264016 4.818080
0.265467 4.807035
0.266919 4.794441
0.268371 4.780324
0.269822 4.764715
0.271274 4.747655
0.272726 4.729188
0.274177 4.709368
0.275629 4.688253
0.277080 4.665907
0.278532 4.642402
0.279984 4.617814
0.281435 4.592224
0.282887 4.565721
0.284338 4.538397
0.285790 4.510348
0.287242 4.481676
0.288693 4.452487
0.290145 4.422890
0.291597 4.392998
0.293048 4.362927
0.294500 4.332797
0.295952 4.302728
0.297403 4.272845
0.298855 4.243274
0.300306 4.214141
0.301758 4.185576
0.303210 4.157707
0.304661 4.130663
0.306113 4.104575
0.307565 4.079569
0.309016 4.055774
0.310468 4.033315
0.311920 4.012315
0.313371 3.992894
0.314823 3.975169
0.316274 3.959250
0.317726 3.945246
0.319178 3.933258
0.320629 3.923381
0.322081 3.915703
0.323533 3.910304
0.324984 3.907258
0.326436 3.906628
0.327887 3.908469
0.329339 3.912825

0.329339 3.912825
0.331302 3.895686
0.333266 3.878034
0.335229 3.859869
0.337192 3.841191
0.339156 3.821999
0.341119 3.802293
0.343082 3.782074
0.345046 3.761340
0.347009 3.740094
0.348972 3.718334
0.350935 3.696060
0.352899 3.673274
0.354862 3.649975
0.356825 3.626163
0.358789 3.601840
0.360752 3.577005
0.362715 3.551660
0.364678 3.525805
0.366642 3.499441
0.368605 3.472569
0.370568 3.445189
0.372532 3.417304
0.374495 3.388914
0.376458 3.360020
0.378422 3.330625
0.380385 3.300729
0.382348 3.270335
0.384311 3.239444
0.386275 3.208058
0.388238 3.176179
0.390201 3.143809
0.392165 3.110951
0.394128 3.077608
0.396091 3.043781
0.398054 3.009473
0.400018 2.974688
0.401981 2.939429
0.403944 2.903697
0.405908 2.867498
0.407871 2.830835
0.409834 2.793710
0.411798 2.756128
0.413761 2.718092
0.415724 2.679607
0.417687 2.640678
0.419651 2.601307
0.421614 2.561501
0.423577 2.521263
0.425541 2.480598
0.427504 2.439512
0.429467 2.398009
0.431431 2.356095
0.433394 2.313776
0.435357 2.271056
0.437320 2.227942
0.439284 2.184440
0.441247 2.140555
0.443210 2.096294
0.445174 2.051664
0.447137 2.006671
0.449100 1.961321
0.451064 1.915621
0.453027 1.869579
0.454990 1.823201
0.456953 1.776495
0.458917 1.729467
0.460880 1.682127
0.462843 1.634481
0.464807 1.586536
0.466770 1.538302
0.468733 1.489786
0.470697 1.440995
0.472660 1.391940
0.474623 1.342627
0.476586 1.293065
0.478550 1.243263
0.480513 1.193230
0.482476 1.142975
0.484440 1.092506
0.486403 1.041832
0.488366 0.990964
0.490329 0.939908
0.492293 0.888677
0.494256 0.837277
0.496219 0.785720
0.498183 0.732904
0.500146 0.674293
0.502109 0.616977
0.504073 0.560893
0.506036 0.505968
0.507999 0.452121
0.509962 0.399267
0.511926 0.347314
0.513889 0.296164
0.515852 0.245712
0.517816 0.195850
0.519779 0.146465
0.521742 0.097442
0.523706 0.048660
0.525669 -0.000000

0.525669 -0.000000
0.527280 0.042524
0.528891 0.085047
0.530502 0.127567
0.532113 0.170084
0.533724 0.212595
0.535335 0.255099
0.536946 0.297595
0.538557 0.340082
0.540168 0.382556
0.541779 0.425017
0.543390 0.467462
0.545001 0.509889
0.546612 0.552296
0.548223 0.594680
0.549834 0.637037
0.551445 0.679365
0.553056 0.721661
0.554667 0.763921
0.556278 0.806140
0.557889 0.848315
0.559500 0.890441
0.561111 0.932513
0.562722 0.974527
0.564333 1.016475
0.565944 1.058354
0.567555 1.100156
0.569166 1.141875
0.570777 1.183503
0.572388 1.225035
0.573999 1.266461
0.575610 1.307774
0.577221 1.348965
0.578832 1.390026
0.580443 1.430948
0.582054 1.471720
0.583665 1.512332
0.585276 1.552775
0.586887 1.593038
0.588498 1.633108
0.590109 1.672976
0.591720 1.712628
0.593331 1.752053
0.594942 1.791237
0.596553 1.830169
0.598164 1.868833
0.599775 1.907218
0.601386 1.945308
0.602997 1.983089
0.604608 2.020547
0.606219 2.057667
0.607830 2.094433
0.609441 2.130830
0.611052 2.166841
0.612663 2.202452
0.614274 2.237645
0.615885 2.272405
0.617496 2.306714
0.619107 2.340557
0.620718 2.373914
0.622329 2.406771
0.623940 2.439109
0.625551 2.470912
0.627162 2.502161
0.628773 2.532840
0.630384 2.562931
0.631995 2.592417
0.633606 2.621281
0.635217 2.649504
0.636828 2.677071
0.638439 2.703964
0.640050 2.730165
0.641661 2.755659
0.643272 2.780429
0.644883 2.804459
0.646494 2.827732
0.648105 2.850233
0.649716 2.871946
0.651327 2.892856
0.652938 2.912950
0.654549 2.932211
0.656160 2.950628
0.657771 2.968185
0.659382 2.984871
0.660993 3.000673
0.662604 3.015579
0.664215 3.029578
0.665826 3.042660
0.667437 3.054814
0.669048 3.066031
0.670659 3.076303
0.672270 3.085621
0.673881 3.093978
0.675492 3.101367
0.677103 3.107784
0.678714 3.113222
0.680325 3.117677
0.681936 3.121145
0.683547 3.123625
0.685158 3.125114
0.686769 3.125610


0.000000 -0.000000
0.001842 0.063272
0.003684 0.126530
0.005525 0.189763
0.007367 0.252957
0.009209 0.316100
0.011051 0.379177
0.012892 0.442178
0.014734 0.505088
0.016576 0.567895
0.018418 0.630586
0.020259 0.693148
0.022101 0.755568
0.023943 0.817833
0.025785 0.879931
0.027626 0.941849
0.029468 1.003574
0.031310 1.065093
0.033152 1.126393
0.034993 1.187462
0.036835 1.248288
0.038677 1.308856
0.040519 1.369155
0.042361 1.429173
0.044202 1.488895
0.046044 1.548311
0.047886 1.607407
0.049728 1.666171
0.051569 1.724590
0.053411 1.782652
0.055253 1.840344
0.057095 1.897654
0.058936 1.954570
0.060778 2.011080
0.062620 2.067170
0.064462 2.122829
0.066303 2.178044
0.068145 2.232802
0.069987 2.287093
0.071829 2.340903
0.073670 2.394220
0.075512 2.447033
0.077354 2.499327
0.079196 2.551092
0.081037 2.602315
0.082879 2.652984
0.084721 2.703086
0.086563 2.752609
0.088404 2.801540
0.090246 2.849867
0.092088 2.897578
0.093930 2.944659
0.095771 2.991099
0.097613 3.036884
0.099455 3.082002
0.101297 3.126440
0.103138 3.170185
0.104980 3.213224
0.106822 3.255543
0.108664 3.297129
0.110506 3.337970
0.112347 3.378052
0.114189 3.417361
0.116031 3.455884
0.117873 3.493606
0.119714 3.530515
0.121556 3.566597
0.123398 3.601837
0.125240 3.636221
0.127081 3.669737
0.128923 3.702369
0.130765 3.734104
0.132607 3.764928
0.134448 3.794826
0.136290 3.823786
0.138132 3.851793
0.139974 3.878833
0.141816 3.904892
0.143657 3.929959
0.145499 3.954018
0.147341 3.977058
0.149182 3.999066
0.151024 4.020028
0.152866 4.039934
0.154708 4.058770
0.156550 4.076527
0.158391 4.093193
0.160233 4.108758
0.162075 4.123212
0.163917 4.136545
0.165758 4.148750
0.167600 4.159817
0.169442 4.169740
0.171284 4.178511
0.173125 4.186126
0.174967 4.192578
0.176809 4.197863
0.178651 4.201977
0.180492 4.204918
0.182334 4.206684
0.184176 4.207272

0.184176 4.207272
0.185628 4.208007
0.187079 4.210211
0.188531 4.213891
0.189982 4.219059
0.191434 4.225735
0.192886 4.233951
0.194337 4.243746
0.195789 4.255161
0.197241 4.268227
0.198692 4.282954
0.200144 4.299328
0.201596 4.317316
0.203047 4.336879
0.204499 4.357969
0.205950 4.380542
0.207402 4.404548
0.208854 4.429943
0.210305 4.456678
0.211757 4.484706
0.213209 4.513977
0.214660 4.544442
0.216112 4.576049
0.217563 4.608747
0.219015 4.642483
0.220467 4.677202
0.221918 4.712849
0.223370 4.749368
0.224822 4.786704
0.226273 4.824799
0.227725 4.863596
0.229177 4.903037
0.230628 4.943064
0.232080 4.983619
0.233531 5.024643
0.234983 5.066080
0.236435 5.107870
0.237886 5.149956
0.239338 5.192281
0.240790 5.234786
0.242241 5.277415
0.243693 5.320111
0.245144 5.362819
0.246596 5.405482
0.248048 5.448044
0.249499 5.490453
0.250951 5.532652
0.252403 5.574588
0.253854 5.616209
0.255306 5.657462
0.256758 5.698295
0.258209 5.738657
0.259661 5.778498
0.261112 5.817768
0.262564 5.856419
0.264016 5.894402
0.265467 5.931669
0.266919 5.968176
0.268371 6.003876
0.269822 6.038725
0.271274 6.072680
0.272726 6.105698
0.274177 6.137740
0.275629 6.168764
0.277080 6.198732
0.278532 6.227607
0.279984 6.255354
0.281435 6.281938
0.282887 6.307326
0.284338 6.331488
0.285790 6.354395
0.287242 6.376018
0.288693 6.396332
0.290145 6.415314
0.291597 6.432942
0.293048 6.449196
0.294500 6.464058
0.295952 6.477514
0.297403 6.489550
0.298855 6.500156
0.300306 6.509321
0.301758 6.517041
0.303210 6.523311
0.304661 6.528128
0.306113 6.531494
0.307565 6.533410
0.309016 6.533881
0.310468 6.532914
0.311920 6.530518
0.313371 6.526704
0.314823 6.521485
0.316274 6.514874
0.317726 6.506890
0.319178 6.497549
0.320629 6.486872
0.322081 6.474879
0.323533 6.461594
0.324984 6.447040
0.326436 6.431243
0.327887 6.414229
0.329339 6.396025

0.329339 6.396025
0.331302 6.449931
0.333266 6.498735
0.335229 6.542195
0.337192 6.580102
0.339156 6.612281
0.341119 6.638597
0.343082 6.658951
0.345046 6.673285
0.347009 6.681581
0.348972 6.683858
0.350935 6.680171
0.352899 6.670609
0.354862 6.655291
0.356825 6.634360
0.358789 6.607985
0.360752 6.576349
0.362715 6.539654
0.364678 6.498108
0.366642 6.451928
0.368605 6.401336
0.370568 6.346554
0.372532 6.287804
0.374495 6.225306
0.376458 6.159275
0.378422 6.089921
0.380385 6.017449
0.382348 5.942059
0.384311 5.863941
0.386275 5.783280
0.388238 5.700255
0.390201 5.615038
0.392165 5.527792
0.394128 5.438676
0.396091 5.347844
0.398054 5.255440
0.400018 5.161605
0.401981 5.066477
0.403944 4.970184
0.405908 4.872852
0.407871 4.774604
0.409834 4.675557
0.411798 4.575823
0.413761 4.475513
0.415724 4.374733
0.417687 4.273587
0.419651 4.172173
0.421614 4.070589
0.423577 3.968929
0.425541 3.867286
0.427504 3.765748
0.429467 3.664401
0.431431 3.563330
0.433394 3.462618
0.435357 3.362344
0.437320 3.262585
0.439284 3.163418
0.441247 3.064914
0.443210 2.967147
0.445174 2.870183
0.447137 2.774091
0.449100 2.678934
0.451064 2.584775
0.453027 2.491674
0.454990 2.399688
0.456953 2.308871
0.458917 2.219275
0.460880 2.130951
0.462843 2.043943
0.464807 1.958296
0.466770 1.874048
0.468733 1.791237
0.470697 1.709895
0.472660 1.630051
0.474623 1.551729
0.476586 1.474951
0.478550 1.399731
0.480513 1.326080
0.482476 1.254005
0.484440 1.183505
0.486403 1.114576
0.488366 1.047206
0.490329 0.981377
0.492293 0.917067
0.494256 0.854244
0.496219 0.792871
0.498183 0.734014
0.500146 0.682169
0.502109 0.630194
0.504073 0.578100
0.506036 0.525897
0.507999 0.473593
0.509962 0.421199
0.511926 0.368725
0.513889 0.316181
0.515852 0.263576
0.517816 0.210921
0.519779 0.158226
0.521742 0.105501
0.523706 0.052756
0.525669 -0.000000

0.525669 -0.000000
0.527280 0.042524
0.528891 0.085047
0.530502 0.127567
0.532113 0.170084
0.533724 0.212595
0.535335 0.255099
0.536946 0.297595
0.538557 0.340082
0.540168 0.382556
0.541779 0.425017
0.543390 0.467462
0.545001 0.509889
0.546612 0.552296
0.548223 0.594680
0.549834 0.637037
0.551445 0.679365
0.553056 0.721661
0.554667 0.763921
0.556278 0.806140
0.557889 0.848315
0.559500 0.890441
0.561111 0.932513
0.562722 0.974527
0.564333 1.016475
0.565944 1.058354
0.567555 1.100156
0.569166 1.141875
0.570777 1.183503
0.572388 1.225035
0.573999 1.266461
0.575610 1.307774
0.577221 1.348965
0.578832 1.390026
0.580443 1.430948
0.582054 1.471720
0.583665 1.512332
0.585276 1.552775
0.586887 1.593038
0.588498 1.633108
0.590109 1.672976
0.591720 1.712628
0.593331 1.752053
0.594942 1.791237
0.596553 1.830169
0.598164 1.868833
0.599775 1.907218
0.601386 1.945308
0.602997 1.983089
0.604608 2.020547
0.606219 2.057667
0.607830 2.094433
0.609441 2.130830
0.611052 2.166841
0.612663 2.202452
0.614274 2.237645
0.615885 2.272405
0.617496 2.306714
0.619107 2.340557
0.620718 2.373914
0.622329 2.406771
0.623940 2.439109
0.625551 2.470912
0.627162 2.502161
0.628773 2.532840
0.630384 2.562931
0.631995 2.592417
0.633606 2.621281
0.635217 2.649504
0.636828 2.677071
0.638439 2.703964
0.640050 2.730165
0.641661 2.755659
0.643272 2.780429
0.644883 2.804459
0.646494 2.827732
0.648105 2.850233
0.649716 2.871946
0.651327 2.892856
0.652938 2.912950
0.654549 2.932211
0.656160 2.950628
0.657771 2.968185
0.659382 2.984871
0.660993 3.000673
0.662604 3.015579
0.664215 3.029578
0.665826 3.042660
0.667437 3.054814
0.669048 3.066031
0.670659 3.076303
0.672270 3.085621
0.673881 3.093978
0.675492 3.101367
0.677103 3.107784
0.678714 3.113222
0.680325 3.117677
0.681936 3.121145
0.683547 3.123625
0.685158 3.125114
0.686769 3.125610


0.000000 0.000000
0.001842 0.147778
0.003684 0.295538
0.005525 0.443261
0.007367 0.590928
0.009209 0.738523
0.011051 0.886025
0.012892 1.033418
0.014734 1.180682
0.016576 1.327801
0.018418 1.474754
0.020259 1.621526
0.022101 1.768098
0.023943 1.914452
0.025785 2.060571
0.027626 2.206437
0.029468 2.352033
0.031310 2.497341
0.033152 2.642346
0.034993 2.787029
0.036835 2.931375
0.038677 3.075366
0.040519 3.218987
0.042361 3.362220
0.044202 3.505052
0.046044 3.647465
0.047886 3.789443
0.049728 3.930973
0.051569 4.072038
0.053411 4.212624
0.055253 4.352716
0.057095 4.492299
0.058936 4.631360
0.060778 4.769884
0.062620 4.907857
0.064462 5.045266
0.066303 5.182098
0.068145 5.318340
0.069987 5.453978
0.071829 5.589000
0.073670 5.723394
0.075512 5.857147
0.077354 5.990247
0.079196 6.122683
0.081037 6.254442
0.082879 6.385515
0.084721 6.515888
0.086563 6.645553
0.088404 6.774497
0.090246 6.902710
0.092088 7.030182
0.093930 7.156902
0.095771 7.282861
0.097613 7.408049
0.099455 7.532455
0.101297 7.656071
0.103138 7.778887
0.104980 7.900894
0.106822 8.022083
0.108664 8.142444
0.110506 8.261969
0.112347 8.380649
0.114189 8.498475
0.116031 8.615439
0.117873 8.731533
0.119714 8.846747
0.121556 8.961074
0.123398 9.074506
0.125240 9.187033
0.127081 9.298649
0.128923 9.409345
0.130765 9.519112
0.132607 9.627943
0.134448 9.735830
0.136290 9.842765
0.138132 9.948739
0.139974 10.053745
0.141816 10.157773
0.143657 10.260817
0.145499 10.362867
0.147341 10.463915
0.149182 10.563953
0.151024 10.662971
0.152866 10.760960
0.154708 10.857910
0.156550 10.953812
0.158391 11.048653
0.160233 11.142424
0.162075 11.235109
0.163917 11.326694
0.165758 11.417161
0.167600 11.506486
0.169442 11.594641
0.171284 11.681583
0.173125 11.767247
0.174967 11.851527
0.176809 11.934219
0.178651 12.014881
0.180492 12.092301
0.182334 12.161857
0.184176 12.198783

0.184176 12.198783
0.185628 12.194027
0.187079 12.181046
0.188531 12.162305
0.189982 12.139761
0.191434 12.114596
0.192886 12.087491
0.194337 12.058853
0.195789 12.028938
0.197241 11.997925
0.198692 11.965944
0.200144 11.933097
0.201596 11.899470
0.203047 11.865138
0.204499 11.830167
0.205950 11.794621
0.207402 11.758558
0.208854 11.722036
0.210305 11.685108
0.211757 11.647831
0.213209 11.610257
0.214660 11.572440
0.216112 11.534434
0.217563 11.496291
0.219015 11.458065
0.220467 11.419811
0.221918 11.381582
0.223370 11.343434
0.224822 11.305420
0.226273 11.267598
0.227725 11.230022
0.229177 11.192749
0.230628 11.155837
0.232080 11.119342
0.233531 11.083321
0.234983 11.047832
0.236435 11.012932
0.237886 10.978679
0.239338 10.945128
0.240790 10.912337
0.242241 10.880360
0.243693 10.849253
0.245144 10.819067
0.246596 10.789856
0.248048 10.761668
0.249499 10.734552
0.250951 10.708553
0.252403 10.683714
0.253854 10.660076
0.255306 10.637674
0.256758 10.616543
0.258209 10.596712
0.259661 10.578207
0.261112 10.561051
0.262564 10.545262
0.264016 10.530853
0.265467 10.517833
0.266919 10.506208
0.268371 10.495978
0.269822 10.487140
0.271274 10.479686
0.272726 10.473603
0.274177 10.468877
0.275629 10.465487
0.277080 10.463410
0.278532 10.462621
0.279984 10.463089
0.281435 10.464782
0.282887 10.467666
0.284338 10.471704
0.285790 10.476857
0.287242 10.483085
0.288693 10.490346
0.290145 10.498597
0.291597 10.507795
0.293048 10.517895
0.294500 10.528852
0.295952 10.540623
0.297403 10.553161
0.298855 10.566422
0.300306 10.580362
0.301758 10.594937
0.303210 10.610103
0.304661 10.625818
0.306113 10.642040
0.307565 10.658727
0.309016 10.675839
0.310468 10.693337
0.311920 10.711182
0.313371 10.729336
0.314823 10.747762
0.316274 10.766425
0.317726 10.785291
0.319178 10.804324
0.320629 10.823493
0.322081 10.842764
0.323533 10.862108
0.324984 10.881492
0.326436 10.900889
0.327887 10.920269
0.329339 10.939604

0.329339 10.939604
0.331302 10.881275
0.333266 10.822111
0.335229 10.762116
0.337192 10.701295
0.339156 10.639650
0.341119 10.577186
0.343082 10.513904
0.345046 10.449806
0.347009 10.384895
0.348972 10.319170
0.350935 10.252633
0.352899 10.185280
0.354862 10.117111
0.356825 10.048121
0.358789 9.978305
0.360752 9.907656
0.362715 9.836166
0.364678 9.763824
0.366642 9.690620
0.368605 9.616539
0.370568 9.541568
0.372532 9.465690
0.374495 9.388888
0.376458 9.311143
0.378422 9.232435
0.380385 9.152744
0.382348 9.072048
0.384311 8.990325
0.386275 8.907553
0.388238 8.823708
0.390201 8.738767
0.392165 8.652708
0.394128 8.565507
0.396091 8.477141
0.398054 8.387590
0.400018 8.296830
0.401981 8.204842
0.403944 8.111606
0.405908 8.017101
0.407871 7.921312
0.409834 7.824220
0.411798 7.725811
0.413761 7.626071
0.415724 7.524986
0.417687 7.422546
0.419651 7.318741
0.421614 7.213563
0.423577 7.107005
0.425541 6.999063
0.427504 6.889734
0.429467 6.779015
0.431431 6.666908
0.433394 6.553413
0.435357 6.438535
0.437320 6.322277
0.439284 6.204648
0.441247 6.085656
0.443210 5.965309
0.445174 5.843620
0.447137 5.720602
0.449100 5.596269
0.451064 5.470636
0.453027 5.343722
0.454990 5.215544
0.456953 5.086122
0.458917 4.955479
0.460880 4.823636
0.462843 4.690616
0.464807 4.556445
0.466770 4.421148
0.468733 4.284753
0.470697 4.147286
0.472660 4.008778
0.474623 3.869257
0.476586 3.728754
0.478550 3.587301
0.480513 3.444930
0.482476 3.301674
0.484440 3.157567
0.486403 3.012643
0.488366 2.866937
0.490329 2.720485
0.492293 2.573323
0.494256 2.425487
0.496219 2.277015
0.498183 2.127945
0.500146 1.978314
0.502109 1.828161
0.504073 1.677524
0.506036 1.526444
0.507999 1.374958
0.509962 1.223108
0.511926 1.070933
0.513889 0.918473
0.515852 0.765768
0.517816 0.612860
0.519779 0.459788
0.521742 0.306593
0.523706 0.153317
0.525669 0.000000

0.525669 0.000000
0.527280 0.113557
0.528891 0.227136
0.530502 0.340761
0.532113 0.454454
0.533724 0.568236
0.535335 0.682131
0.536946 0.796159
0.538557 0.910341
0.540168 1.024697
0.541779 1.139247
0.543390 1.254009
0.545001 1.369003
0.546612 1.484243
0.548223 1.599748
0.549834 1.715531
0.551445 1.831606
0.553056 1.947987
0.554667 2.064685
0.556278 2.181711
0.557889 2.299073
0.559500 2.416779
0.561111 2.534837
0.562722 2.653250
0.564333 2.772024
0.565944 2.891161
0.567555 3.010662
0.569166 3.130526
0.570777 3.250753
0.572388 3.371339
0.573999 3.492280
0.575610 3.613570
0.577221 3.735203
0.578832 3.857171
0.580443 3.979464
0.582054 4.102071
0.583665 4.224981
0.585276 4.348180
0.586887 4.471654
0.588498 4.595387
0.590109 4.719364
0.591720 4.843565
0.593331 4.967974
0.594942 5.092569
0.596553 5.217330
0.598164 5.342235
0.599775 5.467262
0.601386 5.592387
0.602997 5.717586
0.604608 5.842834
0.606219 5.968103
0.607830 6.093369
0.609441 6.218601
0.611052 6.343773
0.612663 6.468855
0.614274 6.593816
0.615885 6.718627
0.617496 6.843255
0.619107 6.967668
0.620718 7.091833
0.622329 7.215717
0.623940 7.339284
0.625551 7.462499
0.627162 7.585326
0.628773 7.707726
0.630384 7.829661
0.631995 7.951092
0.633606 8.071978
0.635217 8.192275
0.636828 8.311940
0.638439 8.430927
0.640050 8.549187
0.641661 8.666670
0.643272 8.783322
0.644883 8.899086
0.646494 9.013903
0.648105 9.127706
0.649716 9.240425
0.651327 9.351982
0.652938 9.462294
0.654549 9.571265
0.656160 9.678791
0.657771 9.784752
0.659382 9.889013
0.660993 9.991419
0.662604 10.091788
0.664215 10.189909
0.665826 10.285533
0.667437 10.378365
0.669048 10.468051
0.670659 10.554168
0.672270 10.636208
0.673881 10.713559
0.675492 10.785496
0.677103 10.851163
0.678714 10.909579
0.680325 10.959651
0.681936 11.000233
0.683547 11.030211
0.685158 11.048633
0.686769 11.054850


0.000000 15.347009
0.001842 15.346728
0.003684 15.345885
0.005525 15.344480
0.007367 15.342512
0.009209 15.339983
0.011051 15.336892
0.012892 15.333241
0.014734 15.329028
0.016576 15.324255
0.018418 15.318923
0.020259 15.313031
0.022101 15.306581
0.023943 15.299573
0.025785 15.292010
0.027626 15.283891
0.029468 15.275219
0.031310 15.265994
0.033152 15.256219
0.034993 15.245895
0.036835 15.235025
0.038677 15.223611
0.040519 15.211656
0.042361 15.198951
0.044202 15.185127
0.046044 15.170675
0.047886 15.155602
0.049728 15.139918
0.051569 15.123631
0.053411 15.106752
0.055253 15.089290
0.057095 15.071258
0.058936 15.052668
0.060778 15.033531
0.062620 15.013861
0.064462 14.993671
0.066303 14.972974
0.068145 14.951784
0.069987 14.930115
0.071829 14.907980
0.073670 14.885394
0.075512 14.862370
0.077354 14.838923
0.079196 14.815066
0.081037 14.790813
0.082879 14.766177
0.084721 14.741170
0.086563 14.715806
0.088404 14.690096
0.090246 14.664050
0.092088 14.637677
0.093930 14.610987
0.095771 14.583986
0.097613 14.556678
0.099455 14.529066
0.101297 14.501149
0.103138 14.472923
0.104980 14.444381
0.106822 14.415511
0.108664 14.386295
0.110506 14.356709
0.112347 14.326724
0.114189 14.296300
0.116031 14.265393
0.117873 14.233945
0.119714 14.201891
0.121556 14.169156
0.123398 14.135655
0.125240 14.101296
0.127081 14.065980
0.128923 14.029603
0.130765 13.992063
0.132607 13.953261
0.134448 13.913106
0.136290 13.871519
0.138132 13.828435
0.139974 13.783803
0.141816 13.737592
0.143657 13.689784
0.145499 13.640375
0.147341 13.589372
0.149182 13.536791
0.151024 13.482654
0.152866 13.426988
0.154708 13.369823
0.156550 13.311189
0.158391 13.251117
0.160233 13.189639
0.162075 13.126786
0.163917 13.062590
0.165758 12.997085
0.167600 12.930307
0.169442 12.862297
0.171284 12.793108
0.173125 12.722812
0.174967 12.651525
0.176809 12.579455
0.178651 12.507050
0.180492 12.435525
0.182334 12.369506
0.184176 12.333758

0.184176 12.333758
0.185628 12.337411
0.187079 12.347084
0.188531 12.360320
0.189982 12.375177
0.191434 12.390490
0.192886 12.405601
0.194337 12.420134
0.195789 12.433866
0.197241 12.446660
0.198692 12.458432
0.200144 12.469130
0.201596 12.478725
0.203047 12.487205
0.204499 12.494569
0.205950 12.500826
0.207402 12.505993
0.208854 12.510091
0.210305 12.513149
0.211757 12.515197
0.213209 12.516270
0.214660 12.516404
0.216112 12.515639
0.217563 12.514015
0.219015 12.511571
0.220467 12.508348
0.221918 12.504388
0.223370 12.499731
0.224822 12.494418
0.226273 12.488487
0.227725 12.481978
0.229177 12.474928
0.230628 12.467374
0.232080 12.459351
0.233531 12.450895
0.234983 12.442039
0.236435 12.432815
0.237886 12.423257
0.239338 12.413393
0.240790 12.403254
0.242241 12.392870
0.243693 12.382268
0.245144 12.371477
0.246596 12.360522
0.248048 12.349431
0.249499 12.338228
0.250951 12.326940
0.252403 12.315591
0.253854 12.304205
0.255306 12.292806
0.256758 12.281417
0.258209 12.270062
0.259661 12.258762
0.261112 12.247540
0.262564 12.236417
0.264016 12.225416
0.265467 12.214556
0.266919 12.203859
0.268371 12.193343
0.269822 12.183029
0.271274 12.172935
0.272726 12.163080
0.274177 12.153480
0.275629 12.144152
0.277080 12.135113
0.278532 12.126377
0.279984 12.117957
0.281435 12.109867
0.282887 12.102118
0.284338 12.094721
0.285790 12.087685
0.287242 12.081017
0.288693 12.074724
0.290145 12.068810
0.291597 12.063278
0.293048 12.058130
0.294500 12.053364
0.295952 12.048978
0.297403 12.044968
0.298855 12.041327
0.300306 12.038048
0.301758 12.035119
0.303210 12.032528
0.304661 12.030261
0.306113 12.028302
0.307565 12.026632
0.309016 12.025230
0.310468 12.024074
0.311920 12.023140
0.313371 12.022402
0.314823 12.021833
0.316274 12.021402
0.317726 12.021081
0.319178 12.020836
0.320629 12.020634
0.322081 12.020441
0.323533 12.020223
0.324984 12.019943
0.326436 12.019564
0.327887 12.019052
0.329339 12.018367

0.329339 12.018367
0.331302 12.022217
0.333266 12.029188
0.335229 12.039441
0.337192 12.053105
0.339156 12.070282
0.341119 12.091041
0.343082 12.115417
0.345046 12.143410
0.347009 12.174985
0.348972 12.210073
0.350935 12.248573
0.352899 12.290358
0.354862 12.335273
0.356825 12.383140
0.358789 12.433766
0.360752 12.486944
0.362715 12.542454
0.364678 12.600074
0.366642 12.659577
0.368605 12.720736
0.370568 12.783327
0.372532 12.847131
0.374495 12.911935
0.376458 12.977535
0.378422 13.043734
0.380385 13.110345
0.382348 13.177191
0.384311 13.244105
0.386275 13.310930
0.388238 13.377518
0.390201 13.443732
0.392165 13.509443
0.394128 13.574533
0.396091 13.638890
0.398054 13.702412
0.400018 13.765003
0.401981 13.826578
0.403944 13.887054
0.405908 13.946358
0.407871 14.004422
0.409834 14.061183
0.411798 14.116584
0.413761 14.170574
0.415724 14.223105
0.417687 14.274137
0.419651 14.323631
0.421614 14.371556
0.423577 14.417885
0.425541 14.462597
0.427504 14.505675
0.429467 14.547113
0.431431 14.586908
0.433394 14.625069
0.435357 14.661612
0.437320 14.696564
0.439284 14.729961
0.441247 14.761851
0.443210 14.792288
0.445174 14.821338
0.447137 14.849071
0.449100 14.875562
0.451064 14.900889
0.453027 14.925127
0.454990 14.948353
0.456953 14.970637
0.458917 14.992043
0.460880 15.012631
0.462843 15.032454
0.464807 15.051555
0.466770 15.069975
0.468733 15.087745
0.470697 15.104891
0.472660 15.121434
0.474623 15.137390
0.476586 15.152771
0.478550 15.167585
0.480513 15.181836
0.482476 15.195528
0.484440 15.208660
0.486403 15.221230
0.488366 15.233235
0.490329 15.244672
0.492293 15.255534
0.494256 15.265816
0.496219 15.275513
0.498183 15.284617
0.500146 15.293123
0.502109 15.301024
0.504073 15.308315
0.506036 15.314991
0.507999 15.321045
0.509962 15.326474
0.511926 15.331273
0.513889 15.335439
0.515852 15.338970
0.517816 15.341861
0.519779 15.344113
0.521742 15.345721
0.523706 15.346687
0.525669 15.347009

0.525669 15.347009
0.527280 15.346861
0.528891 15.346416
0.530502 15.345674
0.532113 15.344636
0.533724 15.343303
0.535335 15.341675
0.536946 15.339753
0.538557 15.337539
0.540168 15.335033
0.541779 15.332238
0.543390 15.329154
0.545001 15.325784
0.546612 15.322130
0.548223 15.318194
0.549834 15.313979
0.551445 15.309486
0.553056 15.304719
0.554667 15.299682
0.556278 15.294376
0.557889 15.288805
0.559500 15.282974
0.561111 15.276885
0.562722 15.270543
0.564333 15.263952
0.565944 15.257116
0.567555 15.250041
0.569166 15.242730
0.570777 15.235190
0.572388 15.227424
0.573999 15.219440
0.575610 15.211242
0.577221 15.202836
0.578832 15.194229
0.580443 15.185428
0.582054 15.176438
0.583665 15.167267
0.585276 15.157921
0.586887 15.148409
0.588498 15.138738
0.590109 15.128916
0.591720 15.118950
0.593331 15.108849
0.594942 15.098621
0.596553 15.088276
0.598164 15.077823
0.599775 15.067269
0.601386 15.056626
0.602997 15.045902
0.604608 15.035108
0.606219 15.024253
0.607830 15.004668
0.609441 14.975543
0.611052 14.945294
0.612663 14.913906
0.614274 14.881365
0.615885 14.847658
0.617496 14.812774
0.619107 14.776704
0.620718 14.739436
0.622329 14.700964
0.623940 14.661281
0.625551 14.620383
0.627162 14.578265
0.628773 14.534925
0.630384 14.490365
0.631995 14.444585
0.633606 14.397589
0.635217 14.349383
0.636828 14.299977
0.638439 14.249381
0.640050 14.197610
0.641661 14.144682
0.643272 14.090617
0.644883 14.035442
0.646494 13.979187
0.648105 13.921888
0.649716 13.863588
0.651327 13.804337
0.652938 13.744193
0.654549 13.683226
0.656160 13.621517
0.657771 13.559162
0.659382 13.496275
0.660993 13.432992
0.662604 13.369472
0.664215 13.305910
0.665826 13.242536
0.667437 13.179631
0.669048 13.117533
0.670659 13.056651
0.672270 12.997482
0.673881 12.940624
0.675492 12.886794
0.677103 12.836837
0.678714 12.791728
0.680325 12.752552
0.681936 12.720451
0.683547 12.696534
0.685158 12.681750
0.686769 12.676745


0.000000 15.347009
0.001842 15.346754
0.003684 15.345987
0.005525 15.344706
0.007367 15.342907
0.009209 15.340584
0.011051 15.337729
0.012892 15.334335
0.014734 15.330391
0.016576 15.325889
0.018418 15.320816
0.020259 15.315162
0.022101 15.308917
0.023943 15.302069
0.025785 15.294610
0.027626 15.286530
0.029468 15.277822
0.031310 15.268479
0.033152 15.258497
0.034993 15.247873
0.036835 15.236606
0.038677 15.224695
0.040519 15.212142
0.042361 15.199164
0.044202 15.186136
0.046044 15.172577
0.047886 15.158492
0.049728 15.143884
0.051569 15.128758
0.053411 15.113120
0.055253 15.096975
0.057095 15.080329
0.058936 15.063190
0.060778 15.045564
0.062620 15.027459
0.064462 15.008884
0.066303 14.989847
0.068145 14.970358
0.069987 14.950428
0.071829 14.930066
0.073670 14.909285
0.075512 14.888097
0.077354 14.866515
0.079196 14.844552
0.081037 14.822223
0.082879 14.799544
0.084721 14.776529
0.086563 14.753197
0.088404 14.729565
0.090246 14.705651
0.092088 14.681475
0.093930 14.657057
0.095771 14.632418
0.097613 14.607580
0.099455 14.582566
0.101297 14.557399
0.103138 14.532105
0.104980 14.506708
0.106822 14.481235
0.108664 14.455712
0.110506 14.430169
0.112347 14.404633
0.114189 14.379135
0.116031 14.353704
0.117873 14.328371
0.119714 14.303168
0.121556 14.278128
0.123398 14.253283
0.125240 14.228667
0.127081 14.204315
0.128923 14.180259
0.130765 14.156536
0.132607 14.133180
0.134448 14.110227
0.136290 14.087713
0.138132 14.065672
0.139974 14.044141
0.141816 14.023155
0.143657 14.002749
0.145499 13.982959
0.147341 13.963819
0.149182 13.945363
0.151024 13.927624
0.152866 13.910635
0.154708 13.894427
0.156550 13.879032
0.158391 13.864479
0.160233 13.850797
0.162075 13.838012
0.163917 13.826150
0.165758 13.815235
0.167600 13.805289
0.169442 13.796333
0.171284 13.788386
0.173125 13.781464
0.174967 13.775582
0.176809 13.770752
0.178651 13.766984
0.180492 13.764287
0.182334 13.762667
0.184176 13.762126

0.184176 13.762126
0.185628 13.762399
0.187079 13.763219
0.188531 13.764585
0.189982 13.766498
0.191434 13.768958
0.192886 13.771963
0.194337 13.775511
0.195789 13.779598
0.197241 13.784217
0.198692 13.789360
0.200144 13.795014
0.201596 13.801165
0.203047 13.807794
0.204499 13.814881
0.205950 13.822401
0.207402 13.830327
0.208854 13.838629
0.210305 13.847278
0.211757 13.856239
0.213209 13.865478
0.214660 13.874962
0.216112 13.884654
0.217563 13.894520
0.219015 13.904524
0.220467 13.914635
0.221918 13.924817
0.223370 13.935040
0.224822 13.945274
0.226273 13.955489
0.227725 13.965659
0.229177 13.975757
0.230628 13.985759
0.232080 13.995642
0.233531 14.005384
0.234983 14.014964
0.236435 14.024364
0.237886 14.033566
0.239338 14.042551
0.240790 14.051305
0.242241 14.059811
0.243693 14.068055
0.245144 14.076022
0.246596 14.083701
0.248048 14.091078
0.249499 14.098142
0.250951 14.104881
0.252403 14.111286
0.253854 14.117348
0.255306 14.123057
0.256758 14.128406
0.258209 14.133389
0.259661 14.137998
0.261112 14.142229
0.262564 14.146079
0.264016 14.149543
0.265467 14.152620
0.266919 14.155308
0.268371 14.157608
0.269822 14.159519
0.271274 14.161044
0.272726 14.162184
0.274177 14.162943
0.275629 14.163325
0.277080 14.163336
0.278532 14.162980
0.279984 14.162264
0.281435 14.161196
0.282887 14.159784
0.284338 14.158036
0.285790 14.155961
0.287242 14.153570
0.288693 14.150872
0.290145 14.147880
0.291597 14.144605
0.293048 14.141059
0.294500 14.137256
0.295952 14.133210
0.297403 14.128933
0.298855 14.124442
0.300306 14.119751
0.301758 14.114876
0.303210 14.109834
0.304661 14.104642
0.306113 14.099317
0.307565 14.093876
0.309016 14.088340
0.310468 14.082725
0.311920 14.077052
0.313371 14.071340
0.314823 14.065610
0.316274 14.059881
0.317726 14.054175
0.319178 14.048512
0.320629 14.042913
0.322081 14.037399
0.323533 14.031992
0.324984 14.026713
0.326436 14.021582
0.327887 14.016620
0.329339 14.011848

0.329339 14.011848
0.331302 14.026014
0.333266 14.040479
0.335229 14.055235
0.337192 14.070271
0.339156 14.085577
0.341119 14.101145
0.343082 14.116963
0.345046 14.133023
0.347009 14.149313
0.348972 14.165823
0.350935 14.182543
0.352899 14.199463
0.354862 14.216572
0.356825 14.233860
0.358789 14.251316
0.360752 14.268928
0.362715 14.286688
0.364678 14.304583
0.366642 14.322603
0.368605 14.340738
0.370568 14.358976
0.372532 14.377307
0.374495 14.395720
0.376458 14.414205
0.378422 14.432750
0.380385 14.451345
0.382348 14.469979
0.384311 14.488642
0.386275 14.507324
0.388238 14.526013
0.390201 14.544699
0.392165 14.563372
0.394128 14.582021
0.396091 14.600637
0.398054 14.619208
0.400018 14.637726
0.401981 14.656180
0.403944 14.674560
0.405908 14.692856
0.407871 14.711058
0.409834 14.729158
0.411798 14.747146
0.413761 14.765011
0.415724 14.782746
0.417687 14.800340
0.419651 14.817785
0.421614 14.835072
0.423577 14.852192
0.425541 14.869137
0.427504 14.885898
0.429467 14.902466
0.431431 14.918834
0.433394 14.934994
0.435357 14.950937
0.437320 14.966656
0.439284 14.982143
0.441247 14.997391
0.443210 15.012392
0.445174 15.027139
0.447137 15.041626
0.449100 15.055844
0.451064 15.069789
0.453027 15.083453
0.454990 15.096829
0.456953 15.109912
0.458917 15.122695
0.460880 15.135174
0.462843 15.147340
0.464807 15.159191
0.466770 15.170719
0.468733 15.181920
0.470697 15.192789
0.472660 15.203320
0.474623 15.213509
0.476586 15.223352
0.478550 15.232845
0.480513 15.241982
0.482476 15.250760
0.484440 15.259175
0.486403 15.267223
0.488366 15.274901
0.490329 15.282206
0.492293 15.289133
0.494256 15.295681
0.496219 15.301847
0.498183 15.307627
0.500146 15.313019
0.502109 15.318021
0.504073 15.322631
0.506036 15.326847
0.507999 15.330667
0.509962 15.334089
0.511926 15.337112
0.513889 15.339734
0.515852 15.341955
0.517816 15.343774
0.519779 15.345189
0.521742 15.346200
0.523706 15.346807
0.525669 15.347009

0.525669 15.347009
0.527280 15.346861
0.528891 15.346416
0.530502 15.345674
0.532113 15.344636
0.533724 15.343303
0.535335 15.341675
0.536946 15.339753
0.538557 15.337539
0.540168 15.335033
0.541779 15.332238
0.543390 15.329154
0.545001 15.325784
0.546612 15.322130
0.548223 15.318194
0.549834 15.313979
0.551445 15.309486
0.553056 15.304719
0.554667 15.299682
0.556278 15.294376
0.557889 15.288805
0.559500 15.282974
0.561111 15.276885
0.562722 15.270543
0.564333 15.263952
0.565944 15.257116
0.567555 15.250041
0.569166 15.242730
0.570777 15.235190
0.572388 15.227424
0.573999 15.219440
0.575610 15.211242
0.577221 15.202836
0.578832 15.194229
0.580443 15.185428
0.582054 15.176438
0.583665 15.167267
0.585276 15.157921
0.586887 15.148409
0.588498 15.138738
0.590109 15.128916
0.591720 15.118950
0.593331 15.108849
0.594942 15.098621
0.596553 15.088276
0.598164 15.077823
0.599775 15.067269
0.601386 15.056626
0.602997 15.045902
0.604608 15.035108
0.606219 15.024253
0.607830 15.013347
0.609441 15.002402
0.611052 14.991428
0.612663 14.980435
0.614274 14.969435
0.615885 14.958439
0.617496 14.947458
0.619107 14.936503
0.620718 14.925586
0.622329 14.914719
0.623940 14.903913
0.625551 14.893181
0.627162 14.882534
0.628773 14.871984
0.630384 14.861544
0.631995 14.851225
0.633606 14.841039
0.635217 14.830999
0.636828 14.821116
0.638439 14.811402
0.640050 14.801870
0.641661 14.792532
0.643272 14.783397
0.644883 14.774480
0.646494 14.765790
0.648105 14.757339
0.649716 14.749138
0.651327 14.741198
0.652938 14.733529
0.654549 14.726142
0.656160 14.719047
0.657771 14.712253
0.659382 14.705769
0.660993 14.699605
0.662604 14.693769
0.664215 14.688269
0.665826 14.683114
0.667437 14.678310
0.669048 14.673864
0.670659 14.669783
0.672270 14.666072
0.673881 14.662738
0.675492 14.659784
0.677103 14.657215
0.678714 14.655035
0.680325 14.653247
0.681936 14.651853
0.683547 14.650856
0.685158 14.650258
0.686769 14.650058


0.000000 15.501294
0.001842 15.501094
0.003684 15.500497
0.005525 15.499502
0.007367 15.498115
0.009209 15.496337
0.011051 15.494176
0.012892 15.491635
0.014734 15.488722
0.016576 15.485443
0.018418 15.481805
0.020259 15.477814
0.022101 15.473477
0.023943 15.468798
0.025785 15.463782
0.027626 15.458431
0.029468 15.452748
0.031310 15.446733
0.033152 15.440383
0.034993 15.433695
0.036835 15.426663
0.038677 15.419282
0.040519 15.411541
0.042361 15.403431
0.044202 15.394940
0.046044 15.386055
0.047886 15.376763
0.049728 15.367048
0.051569 15.356895
0.053411 15.346288
0.055253 15.335210
0.057095 15.323645
0.058936 15.311575
0.060778 15.298982
0.062620 15.285851
0.064462 15.272164
0.066303 15.257905
0.068145 15.243057
0.069987 15.227604
0.071829 15.211531
0.073670 15.194823
0.075512 15.177466
0.077354 15.159447
0.079196 15.140753
0.081037 15.121373
0.082879 15.101297
0.084721 15.080515
0.086563 15.059021
0.088404 15.036808
0.090246 15.013871
0.092088 14.990209
0.093930 14.965822
0.095771 14.940712
0.097613 14.914884
0.099455 14.888348
0.101297 14.861115
0.103138 14.833202
0.104980 14.804631
0.106822 14.775429
0.108664 14.745627
0.110506 14.715267
0.112347 14.684396
0.114189 14.653070
0.116031 14.621354
0.117873 14.589324
0.119714 14.557067
0.121556 14.524677
0.123398 14.492263
0.125240 14.459938
0.127081 14.427826
0.128923 14.396052
0.130765 14.364744
0.132607 14.334024
0.134448 14.304009
0.136290 14.274803
0.138132 14.246497
0.139974 14.219166
0.141816 14.192869
0.143657 14.167650
0.145499 14.143539
0.147341 14.120555
0.149182 14.098708
0.151024 14.078003
0.152866 14.058438
0.154708 14.040012
0.156550 14.022718
0.158391 14.006554
0.160233 13.991513
0.162075 13.977593
0.163917 13.964790
0.165758 13.953101
0.167600 13.942526
0.169442 13.933062
0.171284 13.924710
0.173125 13.917471
0.174967 13.911343
0.176809 13.906328
0.178651 13.902427
0.180492 13.899640
0.182334 13.897968
0.184176 13.897410

0.184176 13.897410
0.185628 13.897716
0.187079 13.898633
0.188531 13.900155
0.189982 13.902272
0.191434 13.904972
0.192886 13.908240
0.194337 13.912057
0.195789 13.916404
0.197241 13.921257
0.198692 13.926595
0.200144 13.932392
0.201596 13.938624
0.203047 13.945267
0.204499 13.952295
0.205950 13.959682
0.207402 13.967406
0.208854 13.975440
0.210305 13.983762
0.211757 13.992348
0.213209 14.001175
0.214660 14.010221
0.216112 14.019464
0.217563 14.028882
0.219015 14.038454
0.220467 14.048159
0.221918 14.057978
0.223370 14.067890
0.224822 14.077877
0.226273 14.087918
0.227725 14.097997
0.229177 14.108095
0.230628 14.118195
0.232080 14.128280
0.233531 14.138335
0.234983 14.148345
0.236435 14.158296
0.237886 14.168173
0.239338 14.177966
0.240790 14.187662
0.242241 14.197250
0.243693 14.206721
0.245144 14.216066
0.246596 14.225276
0.248048 14.234344
0.249499 14.243263
0.250951 14.252026
0.252403 14.260628
0.253854 14.269064
0.255306 14.277328
0.256758 14.285416
0.258209 14.293322
0.259661 14.301043
0.261112 14.308574
0.262564 14.315911
0.264016 14.323049
0.265467 14.329983
0.266919 14.336710
0.268371 14.343224
0.269822 14.349521
0.271274 14.355596
0.272726 14.361444
0.274177 14.367060
0.275629 14.372439
0.277080 14.377576
0.278532 14.382466
0.279984 14.387104
0.281435 14.391486
0.282887 14.395606
0.284338 14.399460
0.285790 14.403043
0.287242 14.406351
0.288693 14.409380
0.290145 14.412127
0.291597 14.414586
0.293048 14.416756
0.294500 14.418633
0.295952 14.420215
0.297403 14.421498
0.298855 14.422481
0.300306 14.423163
0.301758 14.423542
0.303210 14.423618
0.304661 14.423390
0.306113 14.422858
0.307565 14.422023
0.309016 14.420886
0.310468 14.419449
0.311920 14.417714
0.313371 14.415684
0.314823 14.413362
0.316274 14.410751
0.317726 14.407858
0.319178 14.404685
0.320629 14.401241
0.322081 14.397530
0.323533 14.393561
0.324984 14.389341
0.326436 14.384878
0.327887 14.380183
0.329339 14.375264

0.329339 14.375264
0.331302 14.390150
0.333266 14.404647
0.335229 14.418754
0.337192 14.432475
0.339156 14.445813
0.341119 14.458777
0.343082 14.471375
0.345046 14.483618
0.347009 14.495520
0.348972 14.507096
0.350935 14.518361
0.352899 14.529333
0.354862 14.540033
0.356825 14.550479
0.358789 14.560694
0.360752 14.570700
0.362715 14.580520
0.364678 14.590178
0.366642 14.599699
0.368605 14.609107
0.370568 14.618429
0.372532 14.627690
0.374495 14.636916
0.376458 14.646132
0.378422 14.655365
0.380385 14.664641
0.382348 14.673983
0.384311 14.683418
0.386275 14.692969
0.388238 14.702662
0.390201 14.712518
0.392165 14.722561
0.394128 14.732813
0.396091 14.743294
0.398054 14.754026
0.400018 14.765026
0.401981 14.776314
0.403944 14.787908
0.405908 14.799823
0.407871 14.812076
0.409834 14.824681
0.411798 14.837652
0.413761 14.851001
0.415724 14.864739
0.417687 14.878876
0.419651 14.893420
0.421614 14.908377
0.423577 14.923749
0.425541 14.939538
0.427504 14.955740
0.429467 14.972347
0.431431 14.989346
0.433394 15.006715
0.435357 15.024428
0.437320 15.042449
0.439284 15.060734
0.441247 15.079229
0.443210 15.097875
0.445174 15.116603
0.447137 15.135342
0.449100 15.154014
0.451064 15.172543
0.453027 15.190855
0.454990 15.208876
0.456953 15.226539
0.458917 15.243785
0.460880 15.260559
0.462843 15.276816
0.464807 15.292518
0.466770 15.307633
0.468733 15.322139
0.470697 15.336020
0.472660 15.349263
0.474623 15.361864
0.476586 15.373822
0.478550 15.385140
0.480513 15.395825
0.482476 15.405888
0.484440 15.415340
0.486403 15.424196
0.488366 15.432471
0.490329 15.440183
0.492293 15.447348
0.494256 15.453986
0.496219 15.460114
0.498183 15.465750
0.500146 15.470912
0.502109 15.475618
0.504073 15.479883
0.506036 15.483723
0.507999 15.487153
0.509962 15.490185
0.511926 15.492833
0.513889 15.495105
0.515852 15.497013
0.517816 15.498562
0.519779 15.499761
0.521742 15.500614
0.523706 15.501124
0.525669 15.501294

0.525669 15.501294
0.527280 15.501217
0.528891 15.500986
0.530502 15.500599
0.532113 15.500052
0.533724 15.499341
0.535335 15.498460
0.536946 15.497401
0.538557 15.496157
0.540168 15.494716
0.541779 15.493069
0.543390 15.491204
0.545001 15.489105
0.546612 15.486761
0.548223 15.484154
0.549834 15.481269
0.551445 15.478088
0.553056 15.474592
0.554667 15.470763
0.556278 15.466581
0.557889 15.462024
0.559500 15.457071
0.561111 15.451699
0.562722 15.445887
0.564333 15.439611
0.565944 15.432847
0.567555 15.425571
0.569166 15.417758
0.570777 15.409384
0.572388 15.400423
0.573999 15.390851
0.575610 15.380641
0.577221 15.369768
0.578832 15.358208
0.580443 15.345933
0.582054 15.332920
0.583665 15.319143
0.585276 15.304576
0.586887 15.289196
0.588498 15.272978
0.590109 15.255897
0.591720 15.237929
0.593331 15.219053
0.594942 15.199244
0.596553 15.178481
0.598164 15.156741
0.599775 15.134004
0.601386 15.110249
0.602997 15.085457
0.604608 15.059608
0.606219 15.032684
0.607830 15.013347
0.609441 15.002402
0.611052 14.991428
0.612663 14.980435
0.614274 14.969435
0.615885 14.958439
0.617496 14.947458
0.619107 14.936503
0.620718 14.925586
0.622329 14.914719
0.623940 14.903913
0.625551 14.893181
0.627162 14.882534
0.628773 14.871984
0.630384 14.861544
0.631995 14.851225
0.633606 14.841039
0.635217 14.830999
0.636828 14.821116
0.638439 14.811402
0.640050 14.801870
0.641661 14.792532
0.643272 14.783397
0.644883 14.774480
0.646494 14.765790
0.648105 14.757339
0.649716 14.749138
0.651327 14.741198
0.652938 14.733529
0.654549 14.726142
0.656160 14.719047
0.657771 14.712253
0.659382 14.705769
0.660993 14.699605
0.662604 14.693769
0.664215 14.688269
0.665826 14.683114
0.667437 14.678310
0.669048 14.673864
0.670659 14.669783
0.672270 14.666072
0.673881 14.662738
0.675492 14.659784
0.677103 14.657215
0.678714 14.655035
0.680325 14.653247
0.681936 14.651853
0.683547 14.650856
0.685158 14.650258
0.686769 14.650058


